590
263
482
245
781
119
791
557
63
2
88
247
728
270
486
30
462
807
447
433
950
63
509
406
767
37
894
520
324
221
728
95
167
511
254
396
634
670
551
336
138
848
211
390
541
852
194
762
484
527
71
17
938
104
607
388
21
16
330
791
161
5
5
979
695
406
843
955
277
435
827
787
394
764
490
559
360
203
428
723
238
976
699
579
827
857
802
597
659
108
736
51
548
748
69
192
953
541
332
54
615
539
42
866
613
887
559
559
762
513
298
775
999
795
795
529
68
982
15
398
270
252
156
652
82
638
671
530
294
261
464
336
704
104
196
124
219
109
487
249
96
445
464
535
865
331
551
321
991
32
647
714
34
813
700
101
926
152
51
996
45
538
884
104
253
713
765
174
323
727
244
6
553
42
32
972
21
951
540
380
137
356
343
237
29
619
570
305
322
924
25
45
585
592
353
760
404
838
878
156
317
8
105
45
770
931
383
35
839
391
739
857
526
200
147
654
543
167
160
829
861
336
512
227
387
501
610
360
257
108
632
938
996
570
169
534
955
383
434
167
311
434
185
934
262
140
76
466
590
729
273
936
851
846
830
472
578
611
425
795
686
70
174
369
26
337
802
398
216
706
303
72
746
672
789
21
297
549
697
732
441
355
279
893
777
738
515
236
973
173
932
255
453
581
285
299
728
194
522
599
180
348
893
228
859
622
452
899
531
415
87
166
764
393
126
969
456
958
584
415
271
694
845
708
480
778
441
603
798
533
801
664
800
743
159
65
264
585
872
617
415
664
243
827
691
989
939
664
502
188
967
13
393
961
720
215
634
888
641
130
482
175
393
479
519
266
962
519
462
540
809
462
241
423
6
857
396
366
952
955
3
751
273
227
935
135
907
371
911
543
385
295
90
783
585
933
524
517
937
221
51
331
868
623
746
278
46
495
971
244
156
949
886
656
235
853
928
999
838
739
964
939
788
482
79
61
226
427
721
286
337
575
820
939
78
457
310
944
406
373
86
607
68
504
808
494
632
760
848
975
562
667
214
107
987
689
128
325
994
865
290
400
602
672
448
786
359
320
717
765
529
681
385
567
196
308
631
700
433
771
319
97
178
359
212
817
904
784
452
636
68
167
124
333
534
118
460
300
329
499
829
516
981
22
661
559
505
186
394
340
284
891
760
357
127
150
292
430
880
882
55
335
907
984
435
138
168
973
238
135
607
719
411
913
13
49
812
860
723
656
637
515
270
742
860
916
852
350
531
374
808
413
657
785
393
939
930
375
784
835
788
251
516
111
143
508
278
271
12
37
448
23
585
100
372
665
270
420
665
491
534
426
348
363
803
318
262
267
959
731
251
469
887
721
422
195
675
353
844
895
583
209
43
405
779
666
944
314
132
570
292
108
576
378
832
762
268
891
488
697
630
209
53
793
687
620
197
838
256
375
110
598
879
432
566
54
197
853
532
94
255
751
970
541
543
742
214
453
542
761
166
119
1000
409
23
249
190
627
733
385
600
836
254
889
235
496
697
497
968
28
668
115
973
361
318
96
162
11
226
177
501
794
90
725
399
109
256
680
225
450
845
575
963
873
734
532
851
935
554
204
259
480
722
385
939
83
83
122
862
538
773
647
131
51
147
273
37
900
808
316
265
918
128
260
725
168
633
888
911
370
146
700
318
948
907
647
394
759
978
290
485
911
909
988
354
849
742
553
982
946
763
738
627
280
459
555
175
672
386
637
437
800
69
311
404
758
218
199
60
39
498
629
738
554
708
942
378
738
924
341
219
609
290
577
578
73
950
833
508
893
619
28
86
123
449
423
25
316
603
527
334
54
796
154
702
812
376
955
672
999
824
119
15
973
106
942
216
15
534
129
732
612
369
305
176
136
941
191
583
754
844
913
858
453
992
449
928
275
175
868
260
573
716
261
739
774
888
423
757
220
939
805
367
673
442
748
342
404
296
363
227
412
462
749
494
82
866
128
612
25
112
270
265
475
303
41
197
766
381
396
469
279
718
646
537
669
335
538
783
502
568
35
328
232
115
432
651
99
19
584
760
291
960
29
233
180
728
122
810
1
980
383
583
960
949
35
879
22
365
378
92
466
491
551
75
983
241
156
150
162
401
831
55
366
954
626
972
950
378
979
124
101
369
65
454
232
302
166
277
566
581
733
721
979
667
298
305
548
537
205
731
288
593
800
597
789
844
287
671
474
739
790
716
461
445
520
846
69
697
219
676
95
470
232
361
218
261
660
525
836
138
923
61
103
556
253
723
908
971
703
396
760
290
5
431
197
904
730
804
397
238
425
88
851
464
997
508
41
210
610
78
902
747
703
841
46
348
914
175
198
800
219
407
569
669
254
991
8
332
755
407
294
402
917
892
769
211
386
107
837
260
683
436
324
798
458
510
503
469
518
676
337
250
241
36
223
516
432
89
300
579
621
601
608
374
338
316
177
923
4
55
87
289
113
351
333
267
628
938
111
635
248
984
485
953
612
260
320
773
298
253
330
810
571
745
796
41
723
618
469
500
397
71
399
58
472
500
735
961
308
460
67
117
242
73
838
769
284
27
292
867
405
414
685
969
242
867
191
554
16
142
786
355
744
28
438
140
441
230
256
453
800
83
840
844
581
926
298
762
619
942
137
61
970
744
665
733
853
207
692
267
382
427
500
933
788
780
684
700
582
852
644
447
340
763
516
418
421
789
447
122
516
901
165
246
724
571
671
659
187
298
894
38
939
699
157
48
571
198
685
466
253
531
923
239
619
665
195
722
762
504
262
376
731
141
998
926
143
641
623
540
979
884
979
153
624
134
555
16
680
722
826
286
64
277
720
102
207
310
216
378
624
559
742
829
721
180
170
798
757
110
870
671
205
233
909
601
265
893
971
405
240
127
303
35
53
136
438
867
453
953
733
515
672
126
515
159
462
687
434
40
530
876
352
413
176
478
747
709
235
814
970
398
867
842
474
75
343
170
442
490
335
518
232
599
326
875
428
228
658
343
274
387
926
485
613
296
154
401
53
819
926
581
754
769
957
367
623
10
935
547
207
830
381
676
427
864
489
199
673
708
297
928
771
619
260
524
923
699
650
336
363
258
192
198
10
966
314
641
326
104
338
384
380
286
666
536
906
136
102
187
934
894
349
492
697
955
401
609
372
541
57
880
825
106
196
152
790
310
122
904
545
805
396
921
507
55
307
396
505
595
567
622
819
882
568
689
297
47
559
854
967
323
760
383
99
391
569
391
567
953
254
764
745
184
90
880
133
20
237
553
740
900
608
771
355
907
574
212
207
587
960
364
444
595
169
820
109
873
596
320
594
621
501
975
69
342
120
225
403
786
568
977
551
554
162
29
799
308
437
767
113
54
252
499
43
131
794
868
917
838
29
504
889
549
144
27
105
582
809
463
932
503
437
439
352
778
649
274
785
956
908
317
819
350
289
856
491
587
936
616
52
19
799
660
278
984
937
504
574
918
426
249
300
72
36
79
80
528
749
466
393
345
633
93
531
547
227
859
545
606
116
945
504
177
981
673
726
153
547
113
250
350
801
458
388
879
395
200
418
621
445
441
794
728
300
52
1000
127
842
795
763
464
390
893
28
267
867
477
97
882
789
170
630
823
472
10
805
586
10
564
219
718
502
256
822
513
691
93
827
886
279
775
591
569
403
767
524
648
533
884
529
172
834
408
146
621
400
352
629
226
806
968
164
364
593
574
9
436
244
593
193
473
313
815
544
843
349
291
422
4
752
60
816
383
231
168
728
311
163
618
254
827
361
762
492
707
558
359
549
32
457
651
584
858
87
821
976
245
210
827
408
658
945
483
777
466
850
868
110
511
921
192
957
727
753
755
37
608
159
169
514
139
974
527
874
501
932
992
696
236
763
336
914
522
17
144
625
409
211
859
920
61
861
968
575
667
991
449
582
707
359
301
64
158
503
614
278
759
724
483
996
53
352
911
965
618
441
677
807
745
916
879
261
702
929
343
31
828
702
455
246
9
672
46
580
491
296
830
642
736
823
287
629
419
43
705
295
933
87
721
134
80
208
6
553
824
631
206
76
97
483
306
509
77
574
778
828
71
129
989
135
33
706
975
156
619
932
843
958
128
904
420
410
203
340
596
360
12
411
646
309
805
820
754
783
302
308
68
507
915
591
656
78
67
331
416
385
744
675
862
32
210
252
427
428
515
838
379
86
677
145
40
550
853
855
65
189
409
932
226
215
261
275
489
407
1000
904
107
349
513
658
504
669
732
123
239
965
195
483
719
479
550
236
342
221
367
551
368
193
703
169
465
680
702
481
475
458
563
888
167
257
794
208
957
430
309
909
217
917
939
534
153
927
206
413
863
519
688
790
422
467
202
542
771
91
906
2
827
979
214
593
571
406
173
766
760
438
327
846
430
688
14
813
34
411
937
811
623
325
32
556
140
608
607
919
769
653
655
523
228
574
179
803
152
474
767
362
547
278
484
768
119
923
589
41
451
690
730
584
934
56
89
489
63
820
275
577
152
255
466
536
838
430
99
612
56
237
535
599
870
954
63
210
364
786
720
454
248
33
272
664
164
759
352
823
730
447
914
944
575
394
27
587
833
645
720
588
441
407
886
33
10
140
549
5
319
563
212
200
145
239
302
24
43
468
165
807
613
967
50
660
147
672
318
864
387
205
454
493
873
691
77
393
225
376
325
390
312
167
108
902
654
878
728
387
933
545
393
481
543
733
432
544
747
127
396
518
818
992
111
35
386
205
594
795
393
649
375
642
998
172
77
887
970
161
513
301
500
566
775
80
587
865
572
490
345
388
719
131
923
214
141
227
848
960
37
564
816
187
30
420
258
481
40
569
873
551
308
913
135
899
415
774
472
325
590
628
611
65
327
911
962
117
305
985
785
129
386
243
747
80
29
206
296
763
135
966
778
829
638
853
758
849
887
239
968
63
182
609
75
799
493
151
124
790
688
540
633
48
449
260
708
739
134
516
889
653
831
835
39
859
85
18
157
487
920
356
145
959
857
895
61
464
608
583
307
32
478
855
697
977
23
862
979
720
859
754
136
465
196
526
155
141
601
135
615
74
524
383
446
45
893
552
449
738
159
257
847
587
275
121
237
411
419
246
412
547
467
907
280
988
76
525
595
934
777
44
155
624
859
791
633
563
302
204
422
637
103
479
875
971
157
492
448
320
175
743
685
248
82
793
934
927
475
724
13
457
730
917
242
155
903
856
20
849
803
752
284
323
237
859
810
716
15
166
734
719
170
880
32
413
593
835
126
728
484
952
848
772
623
579
613
243
70
660
338
997
651
463
143
277
295
29
77
874
951
246
392
113
993
13
47
515
186
850
200
591
806
986
417
583
33
254
451
729
104
463
64
316
604
886
910
693
196
897
520
106
443
738
161
454
541
58
743
724
467
296
185
633
334
224
414
450
504
285
620
911
156
809
989
651
865
14
257
824
939
806
10
116
861
70
851
640
634
416
61
544
480
904
339
993
900
608
620
778
611
118
692
699
591
10
593
194
981
11
7
715
294
212
875
865
439
233
727
869
954
449
338
988
126
481
631
973
948
540
959
998
996
601
220
300
854
200
382
102
723
462
458
459
206
800
911
482
745
365
500
69
72
710
433
194
758
420
290
305
793
633
367
689
73
622
934
428
720
439
922
280
143
411
735
509
763
272
484
114
487
436
64
11
212
981
675
965
270
619
963
548
902
503
321
2
391
908
282
773
434
752
347
591
828
654
944
252
522
839
875
834
30
307
133
901
948
594
128
788
305
130
727
474
74
314
546
297
196
276
596
588
993
773
170
947
985
518
374
382
716
664
30
474
601
272
589
977
582
746
6
191
492
609
448
478
846
300
90
420
715
326
649
697
510
227
868
851
703
502
513
533
620
520
608
224
653
670
793
231
694
363
502
710
209
471
729
383
445
552
960
770
157
882
920
646
946
233
348
297
912
511
425
743
961
489
138
943
736
755
439
724
211
163
319
132
368
509
832
461
174
85
816
183
729
131
107
749
683
169
107
338
715
210
649
233
397
508
90
561
87
694
978
713
849
413
166
527
718
467
771
151
155
573
747
544
330
911
85
234
434
800
197
891
882
809
198
60
873
165
284
943
159
73
747
546
378
775
418
135
628
233
777
777
598
505
892
348
205
901
884
374
903
196
838
154
157
888
435
955
484
422
895
844
51
80
123
101
745
57
56
108
651
551
327
900
53
245
59
94
899
417
905
138
480
813
991
719
860
796
269
357
189
815
898
471
974
389
142
84
709
840
175
266
100
650
178
777
226
673
139
891
712
421
780
819
303
438
395
246
36
149
364
678
421
392
680
143
548
452
769
2
6
881
539
239
370
522
8
887
717
896
533
112
207
829
659
726
594
978
459
100
304
358
928
119
44
481
911
335
923
816
439
232
900
599
615
394
852
434
644
90
743
542
167
50
947
285
407
975
516
682
497
979
88
770
896
784
923
875
797
368
445
519
421
885
451
334
963
228
607
254
729
60
898
923
275
465
388
217
286
717
972
225
776
636
711
476
471
163
325
406
264
769
10
807
698
906
327
931
275
460
926
493
416
992
679
396
48
680
152
953
627
537
642
290
879
366
469
272
112
336
527
177
189
70
178
395
905
13
785
460
631
89
985
891
204
845
567
193
843
180
977
610
368
644
18
594
766
775
622
474
66
408
550
863
370
495
442
721
929
405
157
891
576
244
363
328
200
758
106
710
421
799
924
163
696
43
687
972
889
967
296
420
856
338
497
402
360
203
196
608
955
260
812
676
203
837
106
464
244
719
202
450
940
759
80
849
922
91
564
3
378
605
658
114
41
75
283
107
283
118
970
627
871
353
385
431
469
403
238
862
936
474
36
194
965
76
969
493
229
931
686
887
175
560
581
488
118
853
557
109
114
73
126
37
501
634
76
460
805
114
352
196
235
793
901
399
592
554
139
507
657
892
600
331
645
105
969
152
93
450
147
996
635
850
746
348
274
461
336
852
606
157
428
913
242
147
614
332
849
209
945
243
951
688
566
737
257
308
244
800
968
803
62
32
125
583
497
95
547
934
606
163
570
536
660
536
653
39
145
118
947
412
442
132
197
6
704
291
92
993
243
143
223
978
558
980
445
59
275
446
176
613
852
731
791
424
587
734
52
354
118
196
437
135
591
6
723
966
22
149
392
466
538
790
608
705
276
938
69
56
318
11
834
20
538
124
986
904
303
495
778
572
531
861
285
533
641
604
578
988
78
72
257
113
432
986
430
45
13
365
600
304
6
99
755
68
183
241
949
211
96
53
340
737
944
387
82
535
428
600
607
855
95
840
462
948
905
429
503
242
715
428
2
103
453
960
204
732
139
655
39
924
30
381
727
35
516
296
381
252
776
624
446
169
116
854
655
851
848
453
174
232
762
91
571
911
974
766
859
467
746
782
174
970
51
777
494
16
593
42
295
982
935
620
367
285
416
611
722
309
718
363
467
82
112
242
171
487
357
396
565
887
17
192
932
187
196
602
359
30
5
106
44
466
622
433
439
346
855
82
942
562
28
838
26
443
541
991
61
886
661
582
963
503
253
235
443
188
57
976
547
818
118
729
487
263
429
328
569
199
273
318
570
615
846
918
725
644
711
225
706
102
978
202
879
527
196
154
218
991
781
53
422
218
383
568
420
867
582
419
692
193
960
868
762
660
971
725
769
247
870
521
213
447
350
578
968
336
422
151
146
957
894
459
644
737
422
306
165
173
471
563
269
409
527
996
132
630
800
761
675
964
832
41
555
361
209
350
279
469
725
467
547
465
627
315
131
131
849
362
386
742
51
114
675
920
12
695
593
331
778
393
61
642
866
53
567
738
958
669
172
642
535
702
797
531
76
706
450
687
825
739
440
710
941
421
340
543
326
650
250
359
729
802
540
30
770
843
368
411
619
715
840
437
823
850
685
748
267
198
726
466
37
205
766
922
927
931
3
75
713
501
774
108
746
753
280
145
611
695
484
783
206
383
630
375
711
787
799
862
880
841
490
248
882
723
350
175
529
543
363
151
25
501
47
700
890
447
649
472
969
475
253
34
999
391
413
202
629
94
535
650
889
117
818
280
592
866
210
333
496
193
256
293
864
725
704
818
237
872
142
630
80
593
544
380
786
621
401
962
119
597
148
225
929
986
533
799
535
336
562
582
898
775
186
416
423
644
126
207
581
278
313
997
663
233
21
199
598
975
140
484
597
750
52
334
60
660
987
278
585
816
389
986
372
74
134
802
527
141
57
240
623
376
345
856
961
657
688
321
333
828
921
812
741
515
765
211
697
701
988
454
541
536
654
11
906
487
813
754
384
933
287
231
210
223
927
629
283
237
194
543
344
426
237
645
640
941
893
858
293
559
967
844
637
227
614
892
194
10
684
671
679
325
183
954
557
1000
46
480
32
30
874
616
781
302
583
308
27
362
531
300
479
917
367
123
597
922
137
682
303
12
281
275
220
426
112
660
833
989
726
687
718
209
112
388
850
924
13
926
49
771
492
224
522
903
473
318
314
496
194
363
991
995
265
970
115
409
491
309
607
514
794
152
913
880
865
292
350
124
250
375
135
332
180
800
923
113
37
175
893
127
399
236
777
382
661
907
280
507
198
656
332
191
328
126
393
533
462
502
806
424
910
298
514
921
323
360
801
380
250
77
819
267
389
7
627
986
439
158
296
239
435
247
349
363
705
537
329
550
904
409
218
451
19
230
740
25
293
194
720
883
426
514
978
91
378
876
47
638
661
339
642
192
747
820
185
134
282
215
958
784
953
46
374
228
735
776
132
389
804
946
588
47
186
563
669
516
818
530
689
67
1000
221
3
620
271
127
450
89
923
389
598
343
972
862
665
758
83
175
951
569
975
591
19
209
419
801
605
190
479
983
181
485
581
1000
506
397
178
255
481
506
701
827
81
905
183
574
627
499
725
475
445
499
140
832
34
843
743
371
17
446
13
340
607
429
85
752
681
316
376
710
683
500
676
614
697
599
773
39
915
576
903
4
697
851
877
600
155
854
614
526
820
641
402
163
643
707
148
488
559
864
328
253
496
432
792
239
409
785
411
370
472
327
660
153
225
230
678
191
470
773
224
74
247
467
549
96
964
323
60
564
436
511
884
257
838
784
682
552
918
112
510
521
522
997
996
913
640
669
12
416
430
673
192
44
70
398
959
114
190
419
99
192
124
614
274
808
892
551
858
484
478
846
879
434
621
667
978
845
267
97
155
537
728
90
71
421
580
941
339
213
788
993
299
877
609
666
285
849
11
82
89
759
33
915
909
586
320
278
315
164
558
597
270
734
862
551
740
368
263
79
701
668
932
667
207
700
185
637
973
358
752
407
460
682
741
694
922
724
175
143
406
806
122
244
32
251
6
47
52
20
236
233
416
694
598
36
460
582
351
212
722
137
689
132
500
925
959
571
73
463
233
280
180
774
58
415
562
547
428
779
112
6
145
702
276
667
318
258
318
682
811
48
995
471
494
111
967
11
353
745
149
247
306
524
268
12
181
596
695
718
423
83
789
527
682
502
581
910
501
57
874
288
728
938
442
791
622
778
190
863
154
734
85
348
770
446
384
124
486
654
430
24
241
659
852
823
982
22
615
718
663
365
633
972
479
445
602
653
284
835
852
771
63
851
917
283
489
106
199
486
943
236
498
735
821
471
181
565
914
689
319
592
573
159
460
525
163
61
31
374
224
365
502
447
145
790
468
768
336
308
285
681
662
235
715
31
93
552
642
459
8
870
242
747
720
875
95
764
435
685
16
165
148
431
708
208
458
955
202
187
647
141
643
739
672
127
438
362
284
316
6
312
183
542
805
782
766
994
717
129
91
142
307
803
372
409
222
875
170
231
940
194
747
792
734
269
778
485
661
560
653
559
593
604
408
773
42
587
209
556
210
526
434
2
133
797
413
572
636
952
75
1
463
289
922
256
359
238
756
710
139
587
259
359
751
196
168
554
651
969
601
86
923
163
908
38
783
536
936
142
813
32
90
56
808
164
995
826
48
485
867
796
28
701
368
839
695
438
285
212
326
553
568
480
345
204
175
129
992
747
209
133
116
407
558
825
690
598
278
332
30
510
216
376
813
285
410
811
987
273
804
33
528
243
770
844
432
698
677
966
69
342
905
299
635
909
323
74
260
354
798
415
643
390
457
160
568
552
524
166
750
852
165
114
937
234
413
620
529
555
51
545
716
869
755
473
323
388
628
661
36
284
152
708
352
352
27
39
287
729
924
975
448
765
233
196
761
817
422
185
923
169
939
419
869
486
167
476
788
767
994
968
738
589
504
759
985
256
305
749
117
784
146
733
649
317
881
985
300
715
805
931
282
755
827
460
143
499
894
663
715
416
622
860
102
963
603
360
729
870
851
4
152
825
916
286
763
147
957
80
539
847
920
618
281
154
928
51
249
150
450
821
165
962
186
261
595
459
292
633
776
167
439
435
707
623
251
868
73
541
367
851
711
472
28
384
247
393
304
243
497
288
864
787
798
481
92
205
300
921
65
253
851
157
408
950
11
210
189
550
618
472
12
388
589
379
198
143
981
655
789
784
138
504
408
792
145
32
841
687
789
137
975
595
453
574
115
371
102
24
460
823
400
142
845
913
44
250
441
235
390
825
300
266
169
485
605
112
747
631
225
150
764
738
262
346
226
273
697
669
294
859
394
795
347
4
700
611
362
172
836
384
542
967
976
434
50
190
356
874
875
97
201
267
420
329
361
856
899
549
167
766
485
279
708
418
492
46
174
326
519
525
119
83
722
748
971
518
679
964
352
379
593
985
610
806
928
722
403
320
497
182
794
717
177
150
843
157
408
144
145
301
462
980
757
147
167
543
877
214
644
722
366
425
853
192
504
732
682
714
785
335
517
429
776
804
514
802
309
427
533
132
48
876
311
959
402
545
329
156
507
410
548
686
134
505
671
387
614
989
295
166
820
613
500
783
3
705
365
844
833
358
821
976
256
760
979
791
754
25
137
12
884
478
275
177
400
919
642
981
188
674
908
765
644
53
737
322
741
880
523
244
435
122
942
533
257
664
991
605
859
99
861
607
735
159
157
269
732
450
779
666
585
637
434
709
537
588
851
44
667
569
731
999
567
897
490
389
265
229
464
552
85
918
464
682
566
647
122
347
943
53
381
49
746
885
578
258
448
750
943
509
481
47
420
545
323
56
881
352
6
65
634
64
230
207
803
441
251
554
98
88
670
845
164
367
569
55
791
745
147
682
887
958
574
212
156
265
972
264
164
574
557
385
952
578
451
427
324
569
236
714
130
175
835
628
431
727
315
178
482
147
961
216
33
25
843
614
469
525
774
415
348
846
708
493
656
856
476
174
683
634
602
854
326
21
443
254
67
644
573
938
94
300
196
536
564
298
282
894
357
482
542
469
656
396
202
908
888
693
70
261
371
705
207
88
699
826
375
722
121
674
555
968
469
955
224
142
415
724
771
1000
159
247
297
196
281
824
616
492
176
524
53
508
184
288
100
208
479
495
688
634
833
712
941
257
837
481
868
956
807
172
564
930
298
165
308
931
56
493
708
88
806
303
215
961
523
344
483
997
972
562
833
675
870
536
986
818
152
386
314
235
664
364
27
876
85
402
230
770
836
23
213
681
886
714
209
449
578
176
725
31
830
175
556
312
929
635
933
772
786
311
630
214
584
620
168
843
415
311
234
626
10
934
611
857
164
705
529
525
817
657
981
205
542
993
747
948
199
338
442
240
577
649
400
279
109
91
286
321
136
216
513
458
115
51
632
44
463
373
157
939
592
41
331
661
434
625
992
922
372
582
467
519
11
533
605
201
426
968
885
737
237
238
370
770
196
340
23
137
511
95
717
643
432
93
650
890
246
651
731
737
411
954
101
677
326
993
941
230
14
821
572
971
661
409
311
829
998
318
725
719
500
97
492
291
698
935
275
194
692
312
821
274
266
317
630
608
720
849
523
678
359
369
814
336
876
680
438
121
614
495
700
572
467
689
234
219
307
157
699
434
67
841
53
354
666
548
974
127
571
213
65
918
782
710
923
157
151
367
820
508
176
711
633
950
101
993
134
946
997
29
612
47
682
186
54
719
485
510
11
695
11
881
297
145
538
244
394
745
717
892
922
147
979
908
651
963
494
962
534
334
631
439
575
136
528
737
931
29
815
299
367
477
600
729
393
118
396
4
997
487
55
90
853
432
624
297
615
307
276
382
579
364
247
601
138
503
869
51
355
806
813
888
857
298
338
362
992
665
987
738
119
91
384
707
542
59
442
101
384
637
502
231
591
132
263
978
400
695
732
628
414
255
589
65
241
254
362
700
404
290
487
352
263
577
283
27
805
552
456
414
182
846
907
398
15
928
445
351
302
161
840
821
227
930
417
704
735
767
448
297
225
834
534
532
978
259
3
254
964
856
21
42
116
324
381
785
174
462
258
864
452
707
837
494
243
739
677
307
263
558
842
782
712
171
182
765
464
143
312
317
227
71
806
502
46
583
673
171
659
983
539
245
889
341
593
295
724
137
882
729
905
903
648
731
810
255
245
994
10
134
941
109
25
836
531
433
307
215
422
358
2
878
499
643
890
689
688
153
169
702
953
669
549
949
680
65
708
589
433
99
933
979
932
84
827
589
836
328
444
72
448
34
97
173
334
533
207
455
509
925
910
261
51
596
778
197
587
811
70
442
190
674
512
624
121
956
619
631
374
665
868
179
799
251
827
785
258
16
252
700
477
169
264
793
255
750
66
174
657
675
393
293
191
484
931
205
886
445
104
281
599
773
374
122
862
718
446
209
289
26
947
537
126
379
343
437
241
545
404
28
831
570
857
759
434
341
719
329
326
214
121
222
378
432
263
519
478
457
298
535
785
528
367
467
269
33
200
606
784
931
579
112
60
890
540
940
895
215
231
238
574
903
394
546
558
394
724
370
585
773
439
331
509
58
125
448
15
780
512
993
258
795
166
394
580
698
307
17
697
76
973
694
47
934
30
948
547
754
492
936
748
245
744
464
324
507
623
22
436
824
998
980
886
912
461
850
69
847
327
550
825
60
810
668
967
83
184
17
819
294
370
613
910
978
707
126
411
829
5
438
684
736
356
410
161
679
536
373
429
394
190
704
479
892
245
286
375
209
726
136
150
783
245
226
510
299
185
759
915
730
23
409
326
740
979
156
667
139
511
308
153
728
660
967
220
211
712
544
1000
348
463
862
658
509
93
867
641
782
228
391
335
225
357
528
397
96
511
867
638
70
691
615
495
963
907
944
956
814
660
390
941
651
956
37
172
957
46
728
773
641
681
183
815
400
680
41
374
842
363
14
345
388
402
204
909
309
610
206
5
396
486
979
674
338
273
219
305
91
862
835
993
606
662
537
255
242
185
561
280
527
822
465
664
7
63
848
561
458
697
687
188
592
453
8
595
410
685
749
847
537
685
965
704
869
463
766
7
456
388
200
368
41
816
767
234
795
616
84
765
174
567
945
318
256
27
29
927
91
116
74
836
635
286
471
141
838
126
601
193
795
100
386
58
319
831
433
638
814
846
335
713
624
787
5
300
464
862
842
709
589
321
177
81
647
887
479
390
413
519
75
265
250
286
369
220
256
301
657
607
907
973
457
202
279
774
266
942
907
966
205
754
799
650
989
514
829
236
496
522
678
1000
760
871
522
238
296
579
215
21
51
508
300
545
516
120
189
692
154
505
264
753
74
791
502
224
331
675
217
469
268
288
447
681
801
673
729
658
909
400
520
827
237
633
472
372
287
797
632
961
609
94
580
877
405
301
190
818
975
937
370
138
365
805
460
639
117
479
365
83
150
752
574
139
785
482
366
995
712
690
25
404
264
606
441
654
467
194
224
148
810
554
689
716
773
67
287
672
785
261
517
204
635
565
943
694
321
760
616
829
438
260
309
264
347
206
208
790
15
307
408
460
335
565
794
84
233
207
23
314
546
419
954
553
299
889
894
70
765
778
683
352
470
269
452
321
926
256
759
442
214
659
984
870
560
301
588
818
37
969
715
978
399
713
921
4
188
163
228
879
892
663
469
393
23
80
911
491
714
800
779
346
467
297
346
466
907
213
791
423
538
16
460
873
678
193
419
133
505
685
705
977
146
317
789
460
388
887
593
107
756
885
426
902
133
686
532
752
406
79
543
495
150
125
402
11
565
870
534
361
815
400
838
21
820
397
326
692
375
995
849
157
426
936
625
624
634
308
175
87
271
484
431
151
854
517
590
637
776
35
518
149
999
271
948
856
211
985
153
959
499
972
903
390
308
441
155
826
387
186
774
331
408
760
858
687
796
105
239
944
175
548
224
486
905
545
708
823
683
915
105
767
661
346
449
666
598
239
416
13
966
551
738
73
646
4
877
774
71
585
947
838
523
542
403
687
187
501
551
800
389
722
157
543
915
398
666
356
644
157
976
733
458
38
586
160
324
880
894
255
477
60
244
637
470
207
9
572
81
946
367
658
321
3
115
538
967
517
176
649
171
434
801
762
102
489
241
183
725
291
625
979
867
981
452
912
668
322
498
13
187
212
770
907
846
797
931
488
971
867
54
340
283
948
49
977
623
727
69
42
380
56
133
643
714
636
854
266
185
599
135
28
39
923
47
63
37
421
81
601
180
615
337
323
125
580
241
937
420
758
20
759
790
677
257
727
659
66
123
556
231
627
298
518
806
207
367
502
698
963
101
802
587
652
616
433
763
164
104
752
742
527
195
427
574
246
669
75
470
855
30
752
585
469
842
444
154
399
147
863
471
346
199
319
90
320
473
9
119
846
366
921
918
811
198
748
116
813
600
418
637
599
47
613
440
628
393
299
132
296
645
8
368
760
5
958
847
41
945
723
429
684
632
115
528
911
844
566
768
28
799
694
398
653
601
291
476
809
869
760
23
520
327
210
173
369
792
771
239
916
76
266
292
747
836
860
850
872
902
140
203
830
421
552
947
260
87
726
444
472
309
543
705
851
98
697
220
719
788
29
962
699
788
324
965
561
922
905
297
613
484
280
62
799
988
422
633
170
899
427
448
792
960
587
497
105
71
733
547
701
511
876
447
882
986
194
97
538
276
690
935
888
192
768
750
238
96
142
632
644
432
910
511
590
796
815
191
359
4
773
676
859
431
250
114
618
849
748
322
621
606
818
808
401
492
553
899
723
216
552
119
639
955
304
455
405
992
552
530
948
907
676
605
841
394
27
716
885
863
898
227
471
6
613
946
481
828
518
974
110
683
630
49
557
990
435
702
343
714
284
739
813
561
3
282
92
191
90
886
677
757
580
298
657
453
512
166
999
562
785
771
347
132
923
484
718
765
748
421
307
773
257
673
616
338
562
643
888
888
524
850
231
681
955
746
531
347
247
517
929
872
128
34
649
620
849
781
845
230
59
496
920
568
201
514
758
436
7
507
957
447
505
161
423
465
709
435
842
13
983
436
673
77
322
933
119
165
272
786
198
714
281
442
82
234
770
373
457
143
479
744
17
91
625
622
676
908
788
365
815
758
761
75
589
982
34
213
228
181
674
190
460
485
769
610
240
645
786
754
374
221
443
296
164
455
723
930
787
692
477
598
39
960
410
95
308
155
573
129
805
145
973
917
504
521
258
535
418
944
538
147
95
448
9
982
90
411
189
353
372
755
683
847
18
438
959
450
605
538
307
427
43
151
657
157
198
328
783
385
273
30
658
783
507
233
21
242
93
637
945
811
513
485
770
328
975
749
566
964
128
215
218
927
9
488
640
675
671
671
362
49
176
117
287
875
83
368
452
6
816
406
603
970
461
265
7
91
204
947
472
631
978
601
559
198
670
307
780
146
110
166
968
838
972
697
461
99
44
584
153
694
685
520
780
684
229
887
184
73
659
716
924
391
34
225
696
838
924
773
321
92
174
402
870
462
958
898
921
98
753
380
132
533
32
11
607
894
503
900
239
622
57
359
848
458
478
435
932
369
914
252
380
968
960
530
289
307
224
521
685
703
872
299
883
478
472
697
38
730
892
109
651
383
508
889
81
669
615
163
975
732
737
388
644
922
719
237
416
508
53
747
230
769
889
82
59
993
180
679
394
871
387
564
999
161
623
828
54
111
488
261
117
975
856
198
275
537
97
993
199
476
342
664
477
468
494
862
696
975
178
999
679
293
610
8
600
24
339
715
375
144
841
361
125
979
90
790
199
422
223
624
707
634
542
912
383
641
326
455
735
463
983
693
546
948
388
820
858
60
21
715
961
810
483
669
425
402
271
394
454
237
204
475
15
929
512
493
560
797
108
350
360
891
50
544
210
589
157
183
992
374
535
386
88
651
893
311
963
639
769
32
879
152
44
290
376
822
500
581
946
851
523
597
829
556
31
419
105
740
235
116
816
729
773
375
978
625
993
810
835
808
94
865
747
932
214
971
130
172
370
625
936
844
265
849
394
424
886
925
264
459
781
666
767
455
558
203
147
102
589
358
507
743
758
893
392
938
693
255
383
982
122
749
146
680
459
257
513
956
131
509
580
863
258
694
67
627
772
918
31
329
543
269
649
195
919
861
908
12
428
654
53
69
651
486
849
408
13
584
937
99
764
682
112
335
232
335
846
39
474
22
85
501
42
110
402
444
407
206
376
820
972
112
714
818
527
639
803
313
937
853
123
310
517
320
529
773
395
70
802
510
665
521
279
405
419
192
542
618
115
926
95
147
770
923
93
603
287
144
862
769
107
141
102
675
321
194
8
30
973
967
288
680
390
335
745
290
986
699
649
17
169
155
881
874
973
110
814
465
456
656
480
689
680
383
80
300
65
402
885
379
139
927
969
16
119
421
450
932
32
63
457
984
37
137
516
420
713
501
124
936
358
273
316
697
518
279
934
370
463
38
79
673
597
208
574
569
749
475
159
436
898
948
604
148
868
32
947
55
992
721
113
258
584
505
680
858
971
794
413
366
181
13
806
944
118
107
316
897
971
125
324
54
870
777
460
766
166
171
689
90
47
46
933
309
179
350
922
223
241
720
176
312
975
626
916
103
123
457
383
316
189
254
849
290
356
941
205
318
284
315
771
500
73
587
914
680
292
827
877
724
587
268
610
549
675
461
445
388
24
858
826
857
159
633
482
617
704
595
765
946
127
545
177
534
114
742
60
381
802
399
835
11
853
453
510
553
718
127
9
78
560
103
613
929
481
568
832
856
757
375
341
759
347
860
940
486
389
440
994
969
138
96
805
325
358
451
929
155
892
747
792
893
295
613
741
158
430
849
52
239
113
653
873
55
789
608
987
146
620
64
141
131
316
436
948
492
679
157
926
352
862
436
995
559
523
776
638
537
865
259
903
553
407
924
683
983
350
63
112
681
55
408
230
789
62
698
188
15
180
996
970
88
420
30
485
418
572
267
757
561
550
224
98
810
715
434
821
277
967
842
365
124
70
764
361
557
385
267
547
156
882
841
112
526
984
206
200
777
117
458
355
631
385
165
62
416
685
768
269
732
902
292
727
641
668
736
660
909
939
202
875
558
400
148
259
670
637
691
791
321
729
860
226
88
561
469
992
969
263
5
914
255
735
474
25
385
521
418
508
432
367
979
919
790
984
611
915
423
694
812
721
412
193
936
936
649
80
377
772
465
488
794
864
795
3
748
322
493
931
432
256
636
91
86
944
792
448
412
740
929
143
978
134
937
907
435
370
628
270
513
831
197
994
30
27
27
979
834
15
410
181
651
786
592
730
197
587
463
721
803
453
380
120
146
918
562
389
774
728
230
679
721
255
399
634
72
747
623
667
996
425
552
381
745
603
496
661
769
687
644
660
334
46
200
663
404
120
146
773
753
52
184
339
697
840
947
627
536
531
937
317
432
191
809
861
792
461
14
505
189
491
921
406
193
482
509
587
350
887
247
681
225
743
258
106
957
672
642
652
944
583
346
845
298
84
299
173
386
324
208
541
739
250
974
568
922
17
731
775
177
895
392
697
133
739
626
410
468
812
988
384
123
396
431
187
232
82
627
700
269
438
541
573
317
935
840
536
122
8
954
400
233
725
496
833
541
765
352
428
889
632
242
76
75
553
224
696
828
407
63
300
716
820
214
494
107
988
128
996
117
968
773
163
133
221
255
306
87
163
645
404
506
682
22
829
851
996
135
493
405
166
222
487
954
679
416
89
525
863
210
415
104
231
669
116
215
384
925
14
994
200
851
157
611
559
897
64
456
977
351
811
400
879
671
600
123
867
241
23
904
559
645
936
56
394
757
173
44
783
244
797
133
726
390
852
89
314
318
900
300
401
972
754
663
756
321
563
411
2
697
118
488
953
289
60
139
921
65
655
906
328
338
67
465
35
647
218
745
795
56
306
984
475
779
395
310
734
466
153
533
994
778
745
485
822
252
364
504
548
880
246
257
82
300
693
888
876
636
819
833
962
46
878
232
133
544
77
944
652
318
904
314
633
239
272
842
563
657
804
650
616
398
241
364
764
348
862
150
307
759
567
77
420
644
121
751
495
62
769
174
161
877
51
191
889
205
275
962
548
869
17
703
264
492
542
752
686
545
564
182
105
1000
475
460
406
941
85
275
283
405
488
502
681
286
220
717
797
791
646
944
866
600
95
63
388
383
743
381
574
952
105
5
761
680
944
498
383
987
614
23
329
911
118
944
587
781
544
672
619
699
780
149
802
57
336
260
96
796
358
353
106
304
879
918
750
454
29
899
707
544
432
512
226
143
141
988
919
863
670
125
94
451
496
814
851
809
526
332
764
173
202
463
332
790
624
156
395
966
944
512
504
474
718
598
974
598
137
435
77
638
801
620
712
837
674
702
865
64
361
405
153
368
933
318
223
775
145
196
250
640
496
656
878
102
811
216
322
308
931
561
419
935
380
50
984
663
460
820
850
575
201
51
634
343
317
751
178
336
378
832
885
128
740
279
829
312
93
705
845
438
213
518
996
875
441
194
41
95
867
824
719
908
326
83
183
909
421
320
76
190
121
966
510
248
413
483
64
885
883
854
659
586
889
382
223
806
52
174
592
622
553
545
631
671
816
572
238
336
238
715
27
700
424
892
415
828
298
42
2
867
209
302
528
141
686
814
592
808
901
486
126
898
456
434
864
228
735
772
722
217
485
888
697
645
52
477
489
361
318
885
65
421
872
252
983
320
356
26
266
728
844
337
60
793
767
11
533
794
428
947
958
774
799
226
44
90
29
917
594
917
445
96
577
121
273
170
265
56
1
349
666
722
406
816
414
710
395
108
46
143
921
685
26
68
214
838
505
977
716
592
370
328
923
723
708
497
462
395
811
109
339
185
799
969
908
52
111
675
488
616
302
125
569
313
204
690
12
66
406
712
526
525
271
682
194
746
822
198
473
258
616
925
662
913
531
609
254
385
251
263
225
838
422
905
761
700
491
386
10
430
69
184
850
480
113
787
245
250
561
115
339
699
6
345
207
200
849
667
98
65
178
456
300
634
94
447
778
223
874
58
180
271
912
406
791
692
773
848
86
149
32
805
39
591
762
67
749
52
978
936
107
31
273
735
7
279
595
131
352
993
973
110
191
155
271
662
510
486
726
990
726
687
84
447
494
730
35
358
845
675
247
748
98
343
920
231
134
316
49
797
782
438
150
50
744
999
302
436
816
530
660
819
809
859
304
613
279
24
237
109
603
532
325
530
347
380
92
344
721
551
791
637
763
28
156
736
669
725
505
21
448
741
73
351
845
874
593
912
121
627
447
31
941
201
483
206
828
592
390
135
503
277
871
558
933
582
542
896
645
264
184
290
552
376
761
401
619
228
615
422
809
466
241
439
762
447
907
525
828
218
20
165
996
962
163
666
841
584
888
430
43
209
452
713
687
602
905
711
243
642
403
674
710
564
812
239
58
128
910
134
991
350
312
400
790
336
65
146
591
820
249
188
769
159
288
716
832
620
182
25
18
10
588
497
113
824
128
670
42
437
874
69
26
953
280
406
628
353
209
605
469
291
342
744
472
501
747
175
981
853
732
486
593
114
807
355
37
173
922
43
515
599
616
869
603
445
845
983
4
694
199
854
132
483
699
37
601
967
986
3
303
384
875
275
876
46
756
788
255
301
561
793
257
95
58
104
575
841
623
272
692
463
236
119
466
315
490
710
248
716
348
554
59
483
966
996
615
86
858
60
538
868
570
844
14
164
134
311
296
512
884
20
13
240
109
749
902
463
128
850
480
767
436
846
153
372
43
625
539
207
572
12
45
943
556
901
323
986
244
449
298
213
236
218
961
422
542
66
564
102
973
681
766
964
155
236
965
234
273
524
197
599
717
110
261
858
822
141
846
4
866
334
782
819
850
780
120
665
648
671
906
308
853
306
301
963
793
82
793
650
497
244
910
409
703
211
567
646
779
989
863
277
248
616
522
236
862
543
157
607
870
759
448
56
505
592
313
801
310
127
273
12
427
778
288
23
16
689
438
610
370
447
876
567
823
279
840
996
527
826
1000
696
252
262
645
994
571
663
792
168
9
81
16
781
145
930
265
985
821
906
619
550
125
630
406
475
807
417
314
503
329
24
356
481
987
95
925
697
871
789
59
514
112
743
454
542
229
642
621
256
578
15
522
708
69
724
356
117
726
412
749
268
101
47
898
894
1
998
77
685
328
33
888
133
437
574
814
842
36
583
614
814
364
352
619
615
163
557
948
420
524
809
246
801
223
201
752
874
889
560
829
494
941
550
572
296
738
810
85
828
254
948
238
233
479
90
795
423
40
249
304
720
825
490
503
133
682
379
789
272
268
61
246
32
137
328
393
744
802
473
344
181
715
752
564
715
224
822
7
74
831
811
365
665
990
856
919
550
403
223
823
604
935
393
503
229
642
36
886
45
909
934
980
310
295
570
70
158
642
442
519
734
139
862
523
483
989
119
100
150
753
716
434
335
57
742
692
464
863
56
543
500
227
127
271
416
280
790
922
141
770
333
147
701
656
144
457
332
113
21
87
770
38
108
138
442
217
935
556
503
678
909
471
285
324
375
887
333
853
634
157
413
92
738
146
692
150
495
872
432
78
798
670
138
378
948
973
263
659
191
929
74
264
539
97
760
71
510
212
991
511
179
955
888
350
650
81
812
916
793
47
362
650
769
192
376
661
87
766
398
329
953
725
996
99
269
22
879
172
362
9
521
109
962
667
537
375
703
744
567
257
562
353
695
136
831
823
664
583
576
28
865
127
448
68
306
959
827
624
522
885
46
870
542
412
772
261
116
301
172
953
291
81
120
223
589
766
337
704
493
670
762
546
736
102
159
793
53
739
667
981
627
958
408
159
493
317
722
489
635
443
519
255
15
107
799
485
790
693
823
547
334
365
454
984
688
847
145
648
264
649
488
978
773
706
713
515
839
66
322
923
336
719
829
100
226
627
889
844
967
876
578
267
863
822
618
313
821
26
926
535
714
40
351
603
175
63
84
540
386
882
934
907
131
583
435
535
578
599
336
416
413
345
554
259
585
197
944
190
585
984
817
490
842
297
982
79
960
39
54
771
19
798
27
846
291
420
402
3
625
831
898
200
958
633
773
92
182
41
910
174
172
501
807
796
992
107
535
33
747
450
746
394
578
137
597
453
467
75
601
577
506
956
320
741
760
565
169
216
781
406
794
214
110
77
38
718
556
171
945
761
805
919
624
977
127
772
826
966
808
74
486
258
894
719
884
536
93
242
424
804
845
47
846
871
338
170
933
952
216
772
187
830
653
277
320
230
671
823
933
727
851
958
713
403
14
118
892
538
208
791
822
809
818
919
123
248
109
498
282
558
802
111
107
419
400
632
621
766
130
744
773
591
793
50
599
300
264
409
978
551
261
2
283
529
504
82
778
851
751
180
713
69
437
432
295
395
799
949
494
561
681
295
455
463
695
201
50
958
600
47
831
782
47
556
552
314
873
574
712
490
372
707
565
940
430
827
22
380
66
23
677
768
76
470
393
187
184
429
380
445
135
147
569
439
857
778
582
515
702
458
784
201
740
341
921
121
860
112
488
729
322
7
266
215
641
801
840
519
850
543
873
364
441
350
186
131
449
589
54
280
457
790
900
730
581
534
245
377
845
713
116
388
520
634
210
790
880
665
270
535
60
249
226
339
340
349
607
92
673
813
315
49
320
664
17
834
67
758
683
609
324
30
101
530
889
821
148
190
715
706
340
107
646
611
686
109
963
986
739
42
45
687
717
641
508
981
22
725
600
359
69
824
739
850
371
397
888
901
724
561
554
986
850
182
712
697
96
552
180
827
109
867
371
80
551
155
764
724
661
527
123
256
256
365
488
233
226
298
218
211
190
542
913
54
855
663
729
13
390
50
520
470
272
727
762
525
797
343
62
394
467
405
622
5
627
782
831
432
516
865
864
20
410
123
978
33
883
170
886
133
892
652
489
377
566
210
293
101
124
582
878
785
832
524
25
274
667
208
481
252
191
269
550
536
122
50
57
713
817
742
652
820
393
174
375
826
103
481
936
872
750
26
334
564
310
828
168
929
695
962
422
223
214
869
490
697
586
493
959
195
375
400
857
192
46
102
529
384
838
985
713
495
469
612
333
226
537
108
175
399
564
842
41
175
924
716
259
269
274
219
768
162
319
514
275
373
730
2607
1520
8790
5372
2870
3439
649
3532
3167
4590
544
8382
9312
4443
881
3018
6552
9119
3895
3954
2093
5840
9014
4698
7164
1350
9392
5737
1596
3297
6323
648
32
7997
4474
3731
7570
4630
7857
8654
1289
8896
426
7556
712
965
135
5115
9747
5522
8961
8596
8900
5058
8864
5683
1695
688
2279
707
3860
7774
1817
4904
9976
7389
7667
1893
2583
1565
6557
8267
9465
8006
9392
9459
2113
3077
1886
458
2623
2991
2031
8788
4174
4347
5562
2316
9519
4254
4763
7624
1019
8272
6413
4434
806
464
7941
2466
3867
9127
6245
6880
1857
7077
7572
2948
6404
3502
5410
5682
4806
9690
9516
1704
8986
2159
9574
9905
9967
7382
5607
6897
8848
8568
3289
5231
3083
7927
3456
6593
7542
6182
7146
5716
5052
859
8303
8657
4027
962
7335
1382
2927
3917
2698
9320
2019
8111
7064
7282
1758
9771
9710
736
3744
7953
6600
6454
7669
3473
2409
3388
5267
3543
6230
7415
8669
7387
3671
2055
4775
5044
7578
7524
785
8593
8427
3328
5225
934
1812
2027
9847
6944
7726
9151
1379
3370
3901
7629
2427
9281
2625
3452
6426
2840
3480
1656
4324
5282
7076
9971
9032
4478
6518
4781
3543
6755
740
302
9212
8820
3735
2461
2642
3590
8341
1734
8616
9197
7321
1062
869
9892
6046
1676
995
15
2434
2556
1655
3397
3444
6990
6117
2808
4164
3742
2369
256
4233
6290
7820
6700
22
1471
6728
2852
4065
5678
9566
6361
453
1657
5834
9135
2751
5269
4070
9050
3388
1873
187
4900
6519
5518
8111
2021
216
284
9991
991
3015
1103
2808
6590
1442
8208
8582
8083
2451
2103
6235
8009
4675
5145
1092
4778
1534
6683
6726
4917
2426
9237
9299
4575
9187
7017
5287
1247
7369
4432
9649
4765
4827
2364
8845
713
4213
3334
5807
4514
496
6250
2951
4834
5303
7853
6707
8481
8966
6883
8800
4015
943
7087
6519
2431
9597
5223
7397
3426
9569
4373
3673
1926
1704
3867
3012
6989
1936
8993
9880
9398
9459
9720
4423
495
3925
311
9486
5126
5370
4980
4949
5846
2944
1748
5161
6483
6923
6140
9684
2378
4962
7784
6871
3645
4499
1086
2741
8809
8467
1821
1709
6801
9414
5303
4172
5141
1796
9568
7754
6808
6861
3443
8676
3655
6554
3065
4017
9936
5204
2050
2629
9803
3396
3660
1104
448
2949
2475
5556
4410
2405
8847
2670
2421
7443
980
4492
9112
3721
7205
1916
3204
3289
5882
8436
2498
7732
7302
4170
6057
1235
6923
1154
6471
8515
104
6378
8187
4155
4821
1668
5182
1762
7920
357
3147
6373
583
7077
8800
7582
9511
1439
1632
6933
2499
8426
3924
6439
2503
8930
8333
4686
6278
7217
2211
7596
8188
6540
3710
6165
4697
509
9938
9911
5108
593
2820
4026
1965
1509
8010
746
8241
2404
1823
8029
7093
5679
2959
933
5619
8761
7492
4398
5838
6172
5600
7250
8623
6013
7688
3239
1319
7289
7776
539
2274
4153
3666
2565
8984
9503
8934
5204
6631
4855
9876
2863
8714
1902
5593
5610
1843
8846
4240
453
9471
4248
9999
4370
4667
9781
3311
4480
7760
728
6198
6194
5786
5825
6299
7936
6019
2047
4428
1845
6737
6306
5544
7574
3806
4665
5561
6994
8981
9771
4351
2116
4872
2421
9688
4758
1746
6591
7606
7111
1382
2432
7634
7177
446
1088
6831
556
4323
8700
3457
3733
7751
2819
3098
414
4400
7487
8197
5852
3244
5553
5575
1571
3303
1509
2781
1640
8603
5934
2474
3026
7942
8546
5229
4325
4580
5012
9264
2686
9868
2094
5557
223
4260
6929
4028
5060
4028
7245
2293
6633
8198
8625
3168
2255
3658
6943
7078
8072
2091
4873
2458
4314
4660
4703
7988
8566
9221
2601
3021
1647
2435
121
858
1598
5767
351
3685
7330
3553
1726
1794
6645
8439
8779
807
7127
7953
5059
7657
6948
2464
9300
4016
9630
5130
3751
4630
6524
9676
1060
8208
750
6939
51
4545
6080
6041
9113
4362
4294
5162
850
5165
4481
3325
6819
371
7397
6674
5352
8712
7954
6247
5175
5111
4303
5045
6886
1037
9429
2932
5786
8462
9755
8493
4816
6827
3218
7460
8946
1850
7315
964
6116
7233
8369
3515
3005
4732
3374
7983
2825
8538
8619
5781
9713
8135
2813
1435
9509
7007
2242
456
9327
8095
1643
2692
3726
6637
4390
2823
193
7263
6230
2077
2592
3125
9734
220
7262
7797
4961
3375
7896
7505
371
4449
2866
1669
2583
8841
3990
7384
9863
1584
1799
93
5561
4407
7808
2998
8810
5406
3377
842
8325
7981
7996
8471
168
4826
2674
3296
541
3628
9616
6643
9079
2860
1464
6202
1992
5895
6577
8202
3251
8109
9322
6567
8033
5671
8873
8956
6274
6110
5906
1948
3601
2143
5917
3672
3187
8564
7577
987
7045
6528
2906
4384
222
5729
6215
2461
2807
4207
4173
594
2027
7165
6793
1292
6256
5575
5179
412
5069
5302
2527
7048
1757
3630
8346
3096
8148
7004
6646
2303
8937
2194
6526
4276
422
2239
2122
3469
1236
3599
5722
6380
7967
2642
949
7367
4905
7305
2345
6690
7024
5987
8378
2692
6504
7716
2080
821
9759
5199
6496
7845
1870
3245
832
5147
5221
8849
4331
5622
9327
2218
1136
1756
2132
5496
2304
8845
8943
1721
6618
6466
9477
3382
1136
963
1848
5707
638
4774
1788
1942
4482
6912
1567
7096
5885
4511
9434
727
7796
3073
6243
71
6419
9592
6905
4653
9087
4811
1080
2834
9200
128
8814
4289
3781
6755
7017
9181
3147
2339
5864
3084
8573
8954
8078
2061
3514
6839
1491
9615
7033
303
506
9774
6375
6827
4464
2977
4108
2495
8484
5913
3447
2783
2163
7173
1850
9641
3647
4709
9620
917
9943
114
346
8585
4425
5283
7180
4544
8343
4455
6729
5165
5124
5005
6788
859
5770
4751
1125
1642
6386
1558
9317
4711
5913
6734
8501
9955
1314
7786
999
33
3143
3457
1449
4892
3030
4227
1600
3967
6005
5718
6055
7484
9567
1574
2207
3067
4387
8960
5340
2635
4832
9040
6153
1874
2523
6946
2444
5725
9658
6589
8138
6006
9613
6465
3439
3606
6312
8804
9885
1017
4198
725
8286
3466
4545
9281
9914
4453
1731
567
2621
3556
111
8220
6237
924
221
4744
6828
7358
9000
816
1528
4057
8228
2577
6347
879
3558
4611
2764
161
1684
4746
3046
6379
8022
7819
7900
780
6676
9200
5867
1027
2530
1379
1913
1127
6333
6481
4125
2290
71
9608
8546
8602
1425
161
8627
4315
9697
4080
2282
3693
4978
2227
9275
2933
5666
855
4290
2931
3924
6087
1430
1589
1639
1275
8525
3235
1241
3690
3374
4162
5038
674
447
9309
801
9325
4912
5085
8289
3712
7511
2319
1849
9128
5354
8663
95
8714
6604
7850
3270
9033
3951
4508
9274
5218
1719
6845
9512
3767
5992
1863
256
7178
5232
9089
4575
1516
5221
3609
2543
2924
9997
2651
6272
1306
3403
2689
9377
184
7301
7499
8694
4427
6831
5597
6332
4711
4419
8312
5228
5199
1048
6391
8675
7972
9268
4028
5245
5846
7314
1042
6605
7270
9449
8911
1998
4837
6865
6364
1626
759
9784
9155
5146
6934
8654
1369
4427
4828
2435
4516
238
997
919
7828
7788
2115
42
4409
7633
7359
907
2939
276
4337
4095
3677
540
1800
7567
8247
8945
4639
5769
1975
8972
6155
4512
4738
4762
94
5737
9014
8932
3073
6784
2422
8590
8440
9229
9620
6112
5441
8537
1568
1506
457
7095
6465
4386
1375
3860
9341
3486
3344
8851
7206
7763
414
7273
6912
491
1414
3301
336
3252
5310
4411
6116
2097
7142
8770
6652
7633
6133
2059
6324
8821
5426
4051
6807
7661
3082
5590
4579
6074
9809
2887
599
7373
1458
2870
8260
9372
3563
185
454
5023
6166
6865
1698
2031
7647
849
7082
7900
8935
249
6772
5037
8808
2111
7576
1873
4003
1228
9486
3119
3163
2678
8508
9820
1516
8834
6767
5549
1289
9489
6857
3787
8055
7261
8876
5913
599
6826
4605
6562
8957
1188
2722
6886
8998
8013
7869
6350
7212
7585
4485
552
745
6638
5026
7982
1695
6357
2408
4814
6299
350
8023
7490
2297
972
4027
5263
3759
883
7124
1320
2885
1714
3436
595
6610
3889
2332
290
2722
5708
4536
4129
2061
3948
3837
8529
7127
714
8312
1812
9419
7310
5344
230
5522
123
6931
8969
6161
2580
1951
5284
1975
4500
4641
2138
2930
53
3288
8536
2165
6579
1288
6774
3814
8118
9893
1210
8940
3272
2092
4236
7571
4716
6128
8875
6485
5934
1567
6117
8174
4830
66
4949
5420
8958
3159
4071
8572
8329
9744
6585
7020
8598
4658
1979
2204
6115
5431
7009
9049
3460
3351
761
5305
5293
6071
6840
7378
727
5760
6806
7629
2471
5077
6457
8297
7155
9095
6185
8523
8318
9688
6687
280
5445
5142
5475
1534
6449
6785
7206
6392
2249
1690
5961
514
2067
2990
6492
5374
7768
6613
4545
2816
6615
6454
335
6484
9002
2341
2446
5278
6536
8788
8536
484
3119
5745
3435
7811
4650
8978
8590
8824
681
2793
8346
9005
9537
8142
363
5076
4395
197
3882
4726
5779
5870
1006
9633
7924
7984
6182
3946
9696
3540
5938
3827
2103
4047
4512
5879
8398
9668
5575
4619
6289
7373
5993
5419
7828
329
9753
5851
9324
9089
2343
9279
8166
3931
3782
727
4281
4597
1954
2612
650
885
614
553
8111
3927
5696
3174
7609
1901
1898
2249
1624
9440
9175
9912
7962
7377
6132
9172
3072
7687
6841
8382
4245
2899
6386
1149
3763
4178
2706
471
6645
2042
1141
6921
9931
603
7426
5028
6331
8442
8352
4241
636
1749
7284
2676
440
6665
2494
6931
4831
7771
5837
1496
864
3098
2500
4112
4531
5631
9774
4775
3401
1803
6691
7099
2327
5240
9984
5355
1377
8617
7192
1516
8248
2093
3570
5683
1789
2089
7036
3484
3531
2422
9925
868
8552
6353
6706
6094
6858
6292
4143
6404
8933
9705
7563
5472
1671
9090
479
8826
4235
987
3318
8516
5490
2277
1042
5911
1838
9981
9526
3829
2403
24
9266
8010
3485
5504
2220
2819
4190
1550
4694
782
9971
8723
4372
6619
2401
3330
2036
9214
6933
6164
9551
9604
7875
2530
4216
3854
9616
2842
9935
8419
9173
4705
4170
9217
9867
7901
108
4246
6216
3011
551
3626
3207
106
5132
3707
428
6435
8100
5531
6995
5572
8108
949
612
4193
7887
8701
6967
6670
5153
7568
3321
8415
5981
1950
5377
6082
4518
6825
4488
7101
8351
1554
8383
4984
6295
5762
5225
9928
2932
6780
3134
3466
4550
2903
5354
7704
4016
4526
9429
2082
696
2547
208
100
1987
3190
8004
8150
6061
879
9818
8907
8433
397
56
6018
1201
2930
5213
402
1924
8502
9127
9971
3913
3842
3875
8355
8498
2048
4650
8718
2787
2176
7142
3119
1770
9006
9289
7274
2411
4552
7285
4619
442
6273
8941
125
7453
9766
7785
8595
6891
2161
8953
6289
7479
5222
6404
7787
1673
2722
5116
8256
4890
6823
4937
3857
7794
9718
4493
6600
1300
653
1864
9749
6338
7833
1163
5462
3677
4758
8928
2367
887
7912
6142
806
9896
1210
6659
2
7016
7302
5542
6263
6277
5464
4334
5663
9305
9404
7791
800
6617
5143
9332
7983
1953
4695
3442
168
7507
3223
455
4122
2211
9596
2008
3670
3355
7673
4164
2298
9722
1338
6270
6895
6760
9745
8618
632
8596
4946
5992
2684
6747
9974
51
4579
5248
8348
1186
3847
4060
9825
231
663
9534
9363
4364
7673
1058
8957
8423
7642
1318
7262
9744
2961
4559
3492
3891
710
4669
2766
1750
7531
4204
9511
1057
2480
9593
6123
6119
1515
4058
26
9512
275
2573
4119
2245
7531
9979
7028
298
867
5085
8824
5950
841
9269
9361
2025
5010
9818
8412
8553
4124
3777
9260
451
3696
5475
637
8242
1101
1877
8525
7738
2001
7060
5321
6812
4295
7046
1181
5092
2175
1076
6080
9847
2965
1697
8163
9025
4632
7767
8511
9495
3136
2275
4404
9706
8336
1989
8923
169
5749
4105
4451
4174
7515
7860
1566
2025
4220
5847
7410
5789
6602
4607
1589
2209
1284
3303
7031
5493
590
4891
4779
5736
3474
3576
3644
9718
8497
9849
1346
5225
5113
2428
2205
9379
9012
7708
8002
3866
2682
644
5384
7926
6792
8854
5195
9612
8735
9820
3081
2098
8863
338
2872
2530
4412
6170
1045
3965
3666
9092
1155
1927
1979
7885
1792
3049
1014
7014
104
9584
5452
7687
1325
1812
8882
8396
2171
904
7907
3711
3883
6027
7860
4761
5465
2442
7648
9597
9440
1289
8585
7663
7698
490
3229
2800
7139
8609
940
5517
6249
2623
7766
1287
3782
3589
5979
2883
943
7704
1067
6050
9020
2863
8290
1645
2610
9511
400
6125
8401
514
93
5302
1327
6501
3378
1307
6081
2363
898
3924
7929
6084
6180
4
7000
2581
972
8991
8230
6189
2985
2474
4254
185
2400
9369
3076
7681
7010
3326
7015
9578
8201
8458
6329
4400
5122
4870
6892
3222
3666
7308
5172
5053
3316
1828
7040
3335
4731
7784
7295
1070
5816
7487
8448
6870
2840
5230
2687
9254
5071
1690
3066
2733
9353
204
5106
2535
5624
600
5335
4365
3420
460
2954
5306
7373
3556
6920
9772
8477
4136
9013
5620
1454
5886
8199
1244
829
2442
9610
5733
6372
7201
9040
4418
9124
5682
1854
9223
2479
6605
1285
3798
8458
3979
1557
1603
8492
5830
9912
6445
1382
2150
7177
1701
808
3375
8635
3453
6309
5184
3929
4016
872
5227
337
737
1693
9768
709
1774
5812
2673
5782
6456
3099
9498
913
6408
8939
4641
6552
8872
995
2089
4437
6798
7030
4269
4957
4826
6996
507
9909
5193
7242
7509
3924
4612
9297
7277
3609
1204
5772
461
4187
7485
2707
1416
2636
8737
9809
7526
2288
4825
6694
9847
7263
22
9592
2536
5043
1129
4365
6295
8702
7332
1926
2765
8294
2080
8854
192
8191
3762
9584
3613
5274
9939
9788
1583
2262
5344
4946
9521
7803
2903
894
7306
4516
9627
4177
9565
8459
7825
9426
9239
13
5634
5524
8945
6255
6308
989
6474
4994
3896
3548
7633
3085
5025
6819
6032
8131
9371
4416
7702
1327
4262
5904
7441
813
1838
2404
7051
4299
7863
2663
2773
4393
3115
8309
8174
6044
2697
2300
7318
4792
9380
5110
7041
2260
3964
8202
5806
8608
1472
5552
8232
1629
6928
8824
3991
8070
6713
8675
9021
7066
1048
7220
7567
6439
5932
3162
9436
6758
347
9320
5768
6194
9784
5552
709
7006
3510
9889
6602
6419
5595
6096
8753
6111
6898
5121
5551
8395
1699
607
9690
3680
1314
1546
8811
3200
3045
3782
5848
6292
8152
7569
3782
1577
5437
6625
143
8382
2583
8546
3175
8742
5916
2319
8038
3207
7207
3452
3848
9768
1232
630
1016
6085
959
5556
3093
3065
7435
1752
4699
827
4122
770
5173
3518
6694
3148
4132
3177
9162
6146
9133
1163
6090
4527
5659
6552
6970
8423
5840
5392
8909
1246
6118
6870
8766
6772
9543
1800
6116
6012
9318
3421
3896
3531
3778
5696
1173
634
4484
8797
7544
956
9962
9861
1386
5989
4288
1617
9712
9504
9112
7265
1896
3713
8596
2819
8504
2318
9934
7866
9651
2690
3177
7237
7287
5735
754
6434
3229
8861
6025
7678
7370
732
9008
5408
5492
7970
1811
6789
7947
7489
7228
934
6743
7570
1702
3735
5298
9142
3261
2270
2769
2436
8598
5461
9796
3480
3960
4839
1045
4661
7084
8794
4155
6702
857
5327
4977
907
3938
8126
380
9414
7956
5324
5382
7905
3917
477
1870
524
3500
2581
3825
4416
2746
8532
1856
8936
7634
5392
93
8944
5891
7378
6286
1370
6305
7841
2225
2321
8123
1322
1597
6692
820
156
810
89
1337
1076
7063
1356
6178
1779
2791
5638
5458
3464
4343
9584
1352
4212
9587
7336
9725
6782
8012
2619
622
1934
6308
4251
9093
4347
7084
4266
385
4179
584
5943
2499
1898
4267
264
2756
7284
9676
2903
8007
2057
7410
823
1447
7137
9097
2181
2149
9018
6776
3473
6076
2310
6967
1028
5527
8177
8996
3005
6102
1732
3468
6101
5514
4254
8072
9476
2229
8843
1976
5324
757
5758
5901
4129
4438
8806
1778
285
9636
3251
7617
2604
4150
6336
2731
9132
8764
4408
3201
3791
3721
4941
378
7377
5339
8132
9783
5623
2466
9297
5576
9692
5480
2505
172
3456
5721
5340
968
9469
4738
6571
2127
7371
6371
5707
4459
4973
2808
6894
948
337
8366
8299
9728
6934
1224
61
7042
6168
1478
3284
7604
7160
4368
5135
3608
831
8534
8752
9170
5446
6020
4761
7232
4189
9922
8404
757
3718
4513
7622
5217
4600
2322
4585
6222
8466
6753
9988
9871
9878
2584
4710
410
2164
4328
5919
5772
2302
1501
1517
8421
6499
162
8640
4729
1489
1088
1002
4014
693
7350
7776
4894
9162
4894
3109
290
1459
1535
4145
2083
9014
2265
4540
9082
2818
245
6843
3119
3176
2763
9589
4473
8532
1165
9426
965
1902
3431
9076
6736
6600
8815
3934
4575
8132
5993
3041
537
6736
3617
9682
2944
4605
9902
7592
2964
6760
2942
6353
8408
6743
2321
3467
5227
310
5577
422
4890
318
4228
1039
5877
8357
4414
2737
3466
9701
4241
9394
487
3724
9184
3104
5365
7083
8981
9248
7124
1747
790
1860
1839
4464
6659
5313
5679
2834
2874
2692
4934
6752
2420
828
8921
8812
7439
9162
4156
7992
942
8241
5752
6772
4964
6388
9308
6115
4832
2897
6156
7994
4142
1950
2151
6546
7938
9097
7756
3819
7689
7747
6001
9253
3409
5184
3229
3058
1004
8117
3857
3726
7090
951
5101
320
102
7597
7940
9224
6161
6018
4049
201
7972
8305
9786
7213
1016
5363
9305
318
6349
1038
5225
9321
946
9179
1066
8121
1033
7051
8880
2837
5950
9338
5343
1746
9355
2919
1173
9621
5639
3563
8854
9407
1410
7113
9366
8573
627
5064
857
7359
817
4627
9641
3257
6333
3026
9039
5450
7587
2453
978
8401
7446
4261
1761
9049
8112
4856
4198
7697
5083
2647
2057
2367
2301
1583
8696
9793
911
1770
7981
9366
7628
6718
8492
8690
6251
598
7663
245
8814
6111
7736
7193
6014
2652
9814
1842
8632
2005
8126
9407
9369
3479
5313
3003
701
4784
81
5848
8842
1589
7556
4793
5372
3109
3526
2332
7283
8655
7802
3903
546
2605
3470
3571
1499
3181
7518
2698
2852
9270
3404
7414
7813
1156
2645
305
1027
121
1853
4538
7431
7404
2381
3755
1583
5007
779
5076
5161
8656
7929
396
788
3125
772
7162
1010
5855
4543
695
6761
7537
7752
5150
7873
6145
5327
5732
7268
1074
1626
7815
8876
7757
8607
537
6433
305
8386
5448
5587
5059
8789
5715
5216
3098
1457
3444
6551
2414
3347
4091
5854
3007
7594
6300
3093
6877
2686
616
7616
9227
7703
3075
2900
1395
3463
5181
2410
5441
2332
8573
5602
5092
1643
4765
143
4252
5831
2825
2368
6327
2440
9213
450
4517
5449
1950
9679
1220
7581
9882
7791
7189
8273
3838
8119
4846
5062
9164
207
1707
827
5052
2832
5688
2395
4793
339
8258
9929
8770
2936
5176
113
1764
8236
3011
3077
779
2628
7565
1773
7489
7437
5295
6943
541
9820
7155
2477
3347
9304
5105
5948
3151
8073
7877
6267
3220
9500
8804
3364
2271
2182
1481
4778
1984
9
1300
3410
7737
9407
1007
8199
992
8260
1643
6227
6833
6901
5637
6733
4806
379
4494
6041
5488
4389
1324
7848
116
6848
4436
3014
1709
4674
1400
4875
9760
2767
1010
1660
8350
1840
5153
4003
4047
9205
6766
5451
569
6406
9660
1603
1736
3902
6388
6188
512
4456
6443
1684
261
6032
405
7096
384
9833
8688
9610
8744
399
2666
5121
3411
2248
9916
688
8712
8572
5111
4635
486
9746
5808
3720
9870
4486
137
4682
8589
8507
4648
1926
5000
2845
5384
854
6608
8345
7729
1252
1312
368
7867
5004
7599
5251
2074
4203
242
8023
214
967
3321
3972
9875
1794
2527
8630
7236
9638
3531
3699
3416
3009
7961
8876
7904
2139
6169
9865
4696
3644
9595
2852
1091
965
5571
6629
1267
262
6627
308
6579
1845
7726
1715
3957
3876
3623
6568
9765
6970
5853
7588
8946
4106
3856
9215
1524
8061
8083
3260
9717
5676
8611
2424
6652
817
7781
6686
3759
8740
6006
9598
1043
1484
9087
662
8045
8204
4094
6730
3327
1717
9492
4367
7429
5810
9595
4007
7862
143
4213
1626
612
1244
2434
1301
8388
5706
6906
6848
2710
3087
2475
9220
1546
4993
8951
1302
9349
9527
5350
1271
9775
9400
9071
8645
1028
9241
8622
4373
1663
7593
7890
7465
5293
4083
8027
3270
8843
3447
5423
4984
5200
2341
2988
9756
874
1709
6532
5609
9281
8363
6821
6619
7470
1953
5592
321
9552
8862
4014
4969
6052
5877
8042
2764
1985
539
8907
6696
3848
9840
1271
571
3510
5943
7696
3797
8549
3447
8575
8874
1125
5591
9721
8966
3618
8387
7485
8605
6863
6961
629
8992
8952
5507
3839
134
5090
109
8840
6797
6008
4156
2636
3959
3273
6466
9863
3853
5817
3237
2660
1372
9649
9604
7877
3674
9335
1898
9097
3257
6694
2179
3218
5632
4185
7762
9538
9761
1791
959
132
6324
5483
5241
3106
9315
4962
9768
1500
885
8419
5623
9313
4456
3172
8028
956
5189
7411
2341
847
135
8918
7108
8722
1665
6241
9967
1791
2170
7051
8705
6730
3797
8111
4604
2107
2690
2384
4906
7086
3515
4623
9754
1979
2076
9971
956
6547
5939
7765
4370
3272
1093
72
9181
8628
9485
3152
8840
2436
8726
5340
8978
8678
4486
3322
1006
6834
6017
4089
7620
6910
6324
2638
269
2866
112
2986
4821
618
6093
9408
9920
2271
9842
3794
2388
8352
9467
2315
5396
3051
7191
7913
7363
3567
2732
7664
5482
5557
9193
7366
2348
8297
4911
9854
9568
3906
5118
4678
3333
849
6470
1386
6315
6171
1918
4571
4675
4447
9935
5202
4668
9030
9056
1404
5671
9158
8062
7352
2893
1674
791
2737
5285
4975
1949
4770
4323
9679
2328
5839
7145
6047
9519
5523
8108
1228
1622
9085
6923
2729
6263
5984
6307
3766
8106
23
1899
2344
706
5790
2936
1052
9026
6538
1674
4338
4624
9505
8117
6497
6317
5159
5923
5957
1602
492
2369
6268
1543
3227
5290
1584
5674
1308
6072
6993
6935
9995
8564
3311
9402
7598
978
177
5270
9700
8585
1009
3936
4758
8910
1196
9165
9762
4321
9860
4793
394
3876
1698
1365
4382
2321
3560
8714
4612
8300
5652
8546
3841
969
7134
7985
5940
5819
1355
7301
4405
5084
2044
2387
3854
6791
2084
1990
7789
3561
6209
5255
6816
3715
4686
1892
4097
5285
3403
9185
1120
240
3925
2171
1914
9453
3008
7106
2298
5372
401
2334
6991
4920
7106
9139
1801
9898
3435
1954
4083
2677
3360
7701
1121
599
5397
3105
3623
2472
8631
253
934
9242
7243
7142
3549
5737
9617
5136
8169
2750
8972
7775
993
8423
9088
8153
9018
6182
4900
9383
8201
7869
2875
5657
8614
468
4876
2695
9948
6532
2375
8742
9769
2983
6551
9593
4912
94
6245
3927
3680
3516
6100
8655
6092
3734
1134
6230
6389
4577
777
7418
9432
4658
1145
6354
9414
8398
8346
7141
3212
4614
5801
7253
4042
230
1530
1559
2297
4327
4964
3610
7694
8062
4213
4929
1511
7706
7152
7564
3592
8383
3939
8244
3348
3662
8825
6666
2231
59
1379
8312
342
3916
5650
3489
2285
2034
4394
5165
8798
8827
968
933
4907
3780
1190
9966
9316
3456
3694
3776
7532
514
4848
9715
6199
9582
2947
9722
9981
4265
8504
7164
6016
429
8181
2362
6787
6437
6270
7653
4086
6588
3491
3111
571
6011
5137
3598
6441
6645
331
9196
5906
2976
5559
7021
9534
2562
8169
7820
8988
7343
8727
6459
1498
4704
5224
3886
6544
60
6495
4899
1766
7728
5865
4882
6225
650
1840
2758
2117
3293
5854
8183
3696
8343
5485
971
4714
4006
8555
8312
3923
3764
8708
4546
2161
3368
1683
1963
8337
2876
5481
2683
6044
3957
9646
8268
6154
6699
6481
951
887
1304
6714
3830
8429
8695
5760
5067
3157
6338
2329
8901
9886
5964
6378
7199
1253
7327
2988
7337
294
3037
5463
9268
1934
1403
1368
6707
821
324
221
8445
2629
923
505
957
4257
5104
3594
9838
8070
7703
1396
3973
9723
8397
6921
1179
9396
1258
8617
5648
7332
3917
8674
2081
3641
763
9573
9619
6645
6215
9740
1371
2422
6685
225
9774
3622
4669
2184
3126
4829
2581
545
1365
9924
6046
8881
4838
6815
6923
4037
6271
9846
2650
9986
6827
5569
5153
6810
578
7943
6297
9873
73
8338
9715
4742
5658
3391
6541
423
1862
563
4465
1764
8126
9823
2389
4636
442
2348
3513
2283
4939
2428
5928
3742
146
7203
4762
4166
2109
7599
8298
9582
6560
6878
9071
191
2184
9977
9527
7112
2957
2993
9858
6481
9909
9847
5263
7612
1176
2280
5049
3427
370
1675
9847
4671
9573
8742
9239
8690
3557
3528
9567
7914
5358
6179
5658
7663
7921
5871
7742
8468
9385
9803
9526
3599
2166
7905
1407
8604
7064
2759
260
5978
9860
9187
3576
5181
1928
447
9235
931
9554
2858
7562
8651
9114
4132
1169
8506
2402
2780
7202
1730
9752
1966
3981
3327
6
2144
60
9748
1692
1856
4391
8897
9456
226
6073
3719
7519
6579
2886
6649
3085
5964
269
2882
2336
8009
4479
7286
3416
4763
1026
915
872
2957
3775
3548
8959
2416
3992
9051
4918
7115
4599
5845
9443
1344
7563
3019
5061
1148
6972
1888
9495
8863
1223
2794
4900
1503
2078
3825
3511
435
5811
9713
204
1690
1039
3814
3431
318
7052
2107
9099
217
230
2931
180
9163
5885
6856
9464
1494
6856
9838
7482
9317
3595
4480
7407
3450
3846
7499
9430
9112
9528
4070
8433
8372
9300
6845
1267
8327
8750
1269
4590
5108
6082
6575
4419
9070
3653
7127
4625
3791
2253
3265
3409
7110
1585
4866
474
5446
4994
2481
8852
6190
847
6545
1415
3129
4385
7476
5202
6538
6424
6187
3988
1740
8171
8591
7454
1004
1223
7987
6771
7865
3306
4595
6181
6926
5129
199
4827
6392
7665
5867
5375
2398
2722
4232
9605
4924
7134
1164
2131
243
4901
813
8035
4258
8522
6627
1401
1862
9003
8818
5870
7690
849
495
3100
9196
9169
2140
5834
54
240
2993
3087
6358
4181
6965
8686
1178
7691
8377
6617
7695
3734
5251
1304
9479
1669
6792
6751
4826
3684
1920
9931
2709
3813
6294
8465
5891
6746
4088
639
5912
1612
8704
3986
6003
6814
809
3228
8336
4764
9530
9737
4213
3789
6093
7324
7836
6437
7823
6041
4432
9650
4440
9549
5598
5652
3366
6160
8465
5592
6712
1000
1771
6579
3898
9218
613
629
8388
1597
9056
4086
226
5579
8708
3016
9173
7768
7342
6836
5341
1377
5595
9455
3249
2800
2759
5459
9742
2316
1988
7255
1228
9081
9560
9461
3829
8763
8746
6154
572
6999
9339
4687
2231
1002
1068
932
829
2920
7040
3691
7645
5
8218
7665
4926
9777
9042
1395
4492
865
5335
2589
1865
9551
7714
5334
2713
1754
2394
9786
2212
4701
7894
8229
9275
8785
3822
3774
6459
3550
8957
96
6053
9715
4009
4935
1458
4450
6898
4521
2874
6372
1848
4321
3617
9594
6646
9827
9500
1352
8947
4117
9530
9834
7105
1996
3352
4883
6146
8162
8570
1955
1160
6046
1466
8617
9017
8797
6318
3147
9468
1594
2084
1336
4171
9401
6079
3937
9929
9530
2712
5306
4205
3739
6445
8840
4977
6968
5936
2984
5950
1148
8986
6299
7713
7845
5872
2552
7652
5990
4191
1294
5365
488
4543
1088
2303
6390
5949
1360
6919
4009
3753
5134
8577
1392
2809
8777
1336
292
9238
1067
8345
4682
291
9711
5858
5638
103
734
6110
7639
2648
5508
7671
1943
5650
9318
6715
1686
3851
2978
7616
790
8499
7693
5425
2822
4913
7028
6428
3990
737
7260
7054
398
2840
1915
5200
9751
2928
7588
6948
2259
559
5060
8867
1957
9534
5883
9694
9989
7307
1252
9420
9709
6772
778
9904
7947
2144
23
9176
8896
958
973
1449
8111
4681
1967
553
922
5218
2975
258
2287
1049
8278
3501
8301
2207
3020
5248
5990
2697
723
5337
8769
608
8837
5633
6415
2491
4479
1163
4408
3567
5798
7371
3102
2678
3393
698
1543
1303
9780
2462
4386
7009
483
7395
8822
7699
8639
2625
3113
1847
301
2502
3506
3489
8422
5235
3875
9515
8853
1632
6959
7448
601
996
6538
847
9730
7775
244
2110
7822
7096
4863
1303
3730
7007
900
5995
20
3263
1385
4324
7176
821
3894
2853
8493
8663
4354
2596
2428
349
8383
7355
2297
9830
4718
3636
3623
8602
9402
3552
633
1877
2309
1262
7411
851
1648
5692
8463
9980
2789
4526
646
3291
4482
8878
6311
1649
5966
7159
8259
3999
6678
7722
2358
1339
689
777
2052
5694
193
3259
3310
1002
7611
7156
3345
137
3199
3316
3960
5042
9176
1194
171
9357
6751
8638
6630
5923
3289
4590
3845
9312
6930
3029
2804
8752
9500
235
5931
5174
5299
9329
4655
7149
8932
6434
8402
4754
4373
9767
4464
5466
1080
4275
9742
3090
4412
4207
5945
1059
7653
4434
9883
2041
6331
1258
3907
1058
4747
8371
1729
1329
2202
3579
4589
9838
7242
4498
9956
6905
7996
7275
6638
6940
4426
2590
1771
9985
964
6725
2758
5738
3357
6914
8460
258
2482
3544
1836
4171
5999
4193
2881
1537
7404
2282
4581
739
3539
386
7396
4424
4798
7635
9458
5483
3088
4
1677
210
7602
5744
308
7704
6566
9340
5054
3489
5630
2897
3402
6136
5265
7266
4008
4447
6563
959
5517
3579
6402
7231
7255
207
1942
5945
8205
5776
1025
2860
5237
6090
1686
894
8768
7792
1101
3789
7521
7130
9674
8393
9587
7002
8973
5053
8269
8218
4312
3057
8742
9128
1138
3496
5105
778
5665
4797
154
4305
4030
6170
2830
2439
9367
9889
8214
3326
2380
8099
8327
4706
5128
1441
5253
8090
2496
8517
8929
4316
5118
4896
8779
5413
8249
2577
749
9341
6961
1709
3347
2442
7910
5644
4473
3162
461
7880
3279
7414
3971
4189
2105
2206
4326
1228
4920
3741
3856
8832
4844
9886
3512
558
8892
4529
4380
5703
6856
2241
7328
9496
3710
453
3259
3883
3407
9171
8374
8706
3970
4092
3167
8131
2982
7706
8137
9287
1166
1417
9972
3313
8573
6337
5574
469
3394
3080
5681
3336
4577
5017
2912
6299
4843
1252
5804
2258
3560
9005
4113
916
1266
9167
4835
9383
531
6925
6727
5569
3013
7105
7835
7467
5786
9481
3740
1963
9849
5913
5184
2546
2188
4544
9376
3213
4139
1988
463
3178
761
1216
9632
1590
8956
65
8170
4094
2624
195
5741
2128
4977
7485
3378
8325
7428
9968
3056
1485
1945
170
5407
328
6716
9715
1820
3145
184
4504
8309
7622
7580
56
2281
9239
3474
1201
6792
3738
8439
4057
642
5619
9274
6149
9153
409
4048
9201
8386
2012
1562
8405
1547
305
8496
4639
3332
8189
8741
4138
240
5695
2642
8440
5797
2108
6426
7530
313
7681
4061
7780
6663
8040
6788
7275
7532
8065
3283
8847
1743
3898
3361
5936
593
9283
7335
4343
582
5050
917
8343
8221
449
5070
1474
8820
7665
7742
8520
3306
5469
2273
5840
5204
4841
6464
5857
7738
7577
1656
8553
1858
9440
4064
8881
8534
8847
2808
5992
3577
7788
6242
9763
9120
6231
8890
8523
705
6650
1976
3304
3033
630
5144
9247
6471
4508
9158
13
7632
7550
1692
817
7328
5185
9573
2112
5
1647
65
2154
4694
5752
4985
9336
3411
1198
8779
8950
663
7600
8203
5253
2091
2771
909
3190
9851
5689
1123
2609
6331
7743
3488
8401
2942
8077
3505
3561
2707
5916
661
8545
6531
4083
8361
5428
4456
5735
6
2507
546
1188
845
4430
273
1231
6533
9595
4898
5808
4389
8336
1116
7009
7548
9933
4567
9230
6377
5779
1083
2686
4602
9856
1292
2183
2055
7665
4670
8769
9273
8589
4511
6198
9593
7011
5990
1870
9784
9623
1038
3454
2845
4774
6046
9851
5773
2859
6393
1494
165
6758
6364
1311
5319
5786
4826
7572
194
9784
5012
819
2744
6143
3115
7037
8609
5147
1065
399
9989
3770
2900
1459
3217
855
2070
1641
8490
1039
1043
1808
9916
8524
2478
7548
502
5223
327
7689
9814
5037
9938
7768
8509
9383
1887
6437
4058
7998
3884
2375
955
2326
4270
4449
8927
8994
235
4512
5740
3653
5647
460
5706
3881
9484
3468
2823
7885
2068
963
2123
4413
4283
7672
1033
8626
8717
330
2591
1185
1729
9114
2527
6645
3938
8373
6805
5800
2852
7131
3033
9269
8609
3392
3721
868
641
6819
11
3465
2172
7867
4669
834
568
2314
1875
6579
5020
719
9567
3951
4364
5265
1527
6515
7339
4482
4084
6962
3867
9911
8856
8176
7778
5134
4810
7510
8630
4971
3672
8559
1692
1883
3233
2491
6790
9196
8494
139
3771
1492
5729
318
1544
6607
2656
1958
8699
4635
5255
678
415
4359
1941
8398
9876
7732
9253
8773
589
880
9401
8689
4636
1392
8628
4046
3715
8067
6997
6766
1891
3735
7827
185
2547
8832
6291
2891
4541
3139
1619
3108
5303
9437
6219
4265
5967
3089
885
9137
8944
6877
2621
7603
6538
5670
7293
890
8450
4188
4793
9181
6510
5316
4621
8576
7821
2462
7588
6431
9597
3280
6408
1054
1881
3982
3464
9107
7709
6654
7713
446
4615
8192
9875
2863
615
6658
49
8604
3884
7465
8121
4674
1967
8354
3938
6058
5946
8087
2157
4251
1831
9089
418
9743
8328
2378
2389
3419
4041
2026
3732
2676
7435
2692
1900
8420
2801
1071
8815
1737
8042
1416
3938
9320
6712
8349
6503
5134
2938
4817
3639
7017
2975
4765
6380
244
9319
466
5692
6199
3822
3345
9388
6203
7291
8115
9833
9840
8338
4140
3219
2278
6360
698
9416
6279
8207
297
7367
4144
6219
4876
152
9789
1883
4450
7773
1580
5989
6007
8956
8879
615
6964
7636
3362
7900
8679
563
2341
3123
1749
4845
7163
8242
4877
9318
6860
2928
3065
9139
5641
2370
318
4545
7545
1482
929
7592
8978
8123
9047
9127
9808
9779
1654
70
5413
8373
6587
8913
9724
8170
5556
5436
1514
4810
9149
4590
3581
7680
3412
6740
8629
60
8742
1833
4373
6733
3470
2151
8425
7860
342
6539
5569
6745
1921
9141
5053
7282
4282
8376
3115
5562
3737
8833
9742
3706
4117
374
5607
4103
9840
5205
2620
4643
2297
6071
1396
7420
8922
4585
9024
9663
2752
6250
5852
2935
1254
4953
2104
2641
3101
4069
2001
5313
431
3700
4677
7727
5126
1323
1142
9459
6416
3838
7925
7458
5772
4156
2607
942
821
6893
2219
4824
6457
5603
7585
971
1000
3443
5582
8397
6316
3501
4406
2496
3867
3421
6576
5739
6577
8181
1086
3153
1820
2625
1768
5499
5967
5851
93
2231
6470
366
362
7998
8994
8118
4953
5498
1224
3377
9422
270
5864
8480
6893
8878
9567
7786
7737
6921
7073
879
6756
5064
3348
7731
2553
1904
6785
4136
6506
849
1116
1519
882
7192
6755
8165
1366
3996
7683
9017
2924
9733
7307
4014
2497
7359
4342
7971
7246
204
7099
3074
7958
3027
4884
6939
4220
8746
541
6390
5449
4778
6957
8953
8302
7208
3060
9043
8900
1296
6865
3987
7539
5691
6096
4403
6300
9535
1854
9904
5309
9558
7367
5436
6760
472
9559
1849
5250
4699
3853
3344
9535
9418
2517
243
5655
1980
6026
3997
3643
4836
118
2080
2446
9061
9531
4694
3590
7212
7349
6845
1838
9450
5772
2902
8170
9722
7553
4556
1892
4094
5131
223
2632
4773
5107
4710
821
7480
6507
3209
7376
5042
637
940
7736
3069
1795
771
150
7279
7805
2963
9428
6151
9556
209
7155
2294
7018
2739
2793
9791
2428
6371
3652
4750
3623
1457
8819
6487
907
4209
4338
7200
8049
7124
12
9826
7601
594
9649
4146
6793
2153
2995
7509
2737
7152
964
3847
7933
8326
9571
2087
7275
5854
5879
9314
2060
7211
8636
9130
7395
6148
4758
1173
5641
3204
4111
4492
3471
4987
7261
1811
8786
4125
2093
5344
3910
4633
1913
562
9838
3447
5947
1239
602
1961
1776
3419
2035
8987
1521
5747
9768
262
9028
4804
9456
6248
6600
1045
4816
9923
4445
5015
8960
8141
6259
63
9065
4569
7459
1816
2661
1127
9813
9735
5878
8066
4833
8583
9767
8871
2176
9313
7139
4254
4405
1747
4322
6531
7810
4957
3752
8970
9978
6131
2761
6878
7666
7421
2037
8336
1252
310
9104
1117
8924
6405
405
5892
1318
4557
8917
5575
6882
8847
4291
2284
992
6235
8785
8762
3748
8408
2941
7086
1464
6049
4447
8070
6894
2526
4575
9663
6705
812
4189
3586
4202
934
7735
8946
3719
3094
6931
305
8030
5045
1444
3123
2151
4998
1561
3902
7650
59
7715
2753
8824
55
7956
2413
8594
7742
446
8954
1016
4443
4072
8635
8181
242
7069
7949
5091
361
6042
7814
4796
3299
3867
1064
360
2104
8158
8293
4158
8340
5707
2962
6872
4247
6168
8288
7962
3924
6844
37
5695
1008
6521
457
9420
5106
2456
1169
3573
5171
4754
3200
3517
2278
6137
4615
4038
859
6531
3152
9621
7270
7008
8679
6361
5822
2682
1037
6055
5805
274
5576
866
5505
9465
5887
8136
8115
188
1244
6846
8890
2963
502
3739
4442
4332
9704
9624
3768
4652
5204
2912
5443
7379
4632
3447
9461
6096
3911
5008
9800
3011
7531
1239
5722
5807
1469
1994
7776
5394
8467
9428
7148
3941
5893
3440
815
3151
3859
5531
3869
7879
3568
7696
5510
5358
2821
8189
201
1793
4233
858
3039
1209
8725
7633
9566
6144
806
8474
9254
8752
3915
7350
3692
686
2570
6486
2425
1387
6379
6824
6414
1676
1362
33
1553
3284
963
7272
8714
7673
9334
8934
9013
4345
6722
9345
9117
6546
9379
2672
3510
8851
7296
8123
9160
4518
9858
5813
8431
511
117
574
9280
4513
9888
5479
265
7134
8811
2093
9570
6217
6891
8494
9815
4683
5049
5210
415
8158
1318
516
2030
7461
1092
5899
2019
5434
8207
1896
9706
4402
7949
5178
1905
7783
6402
6870
3390
3918
739
4201
414
448
9422
1050
4709
1539
5936
8818
2463
5397
2767
525
9892
376
9078
4588
6894
6823
8367
3839
6934
1522
3672
580
2464
1611
9673
5391
197
4031
7165
5152
5752
3642
138
9860
2669
5911
7107
1971
9097
619
4642
9726
7024
9240
9718
5318
4960
6123
252
9084
7106
2444
7887
5678
8986
5851
2115
3581
6255
9874
6818
5642
488
2582
1032
2066
1277
4936
1425
3904
5597
2922
4474
3631
8171
5155
6665
3445
4244
7708
824
7704
4463
8355
9321
8579
6106
4709
1919
2862
5462
6236
1763
8768
7531
7825
6725
409
6342
6106
105
69
1508
5544
868
5870
5816
1521
8826
2963
7860
1183
7745
3323
9792
717
9125
6534
2929
5307
3653
3311
3295
4646
8060
87
2022
4120
2757
1688
5289
3134
9039
4886
5093
6294
7371
5763
9836
4063
9066
1486
2211
3446
6932
7916
3839
7311
2067
2236
7450
8763
9995
9239
3622
2611
2695
9073
499
1516
4803
8673
2740
8271
3501
9737
6724
3379
9327
6864
5507
3807
8233
9353
1495
8473
3262
1851
3688
1932
7432
1846
3013
5250
2315
9335
8928
2796
1677
8790
969
9190
7694
5758
2930
7478
7440
5546
6623
8094
763
9213
2561
4951
1151
1864
1391
9518
3440
5718
1440
7126
9061
359
5631
8897
6473
7913
7942
8403
2335
4503
380
4385
510
4652
6977
5
1721
5612
9442
3520
7490
3958
5451
3220
8540
6099
8389
5300
2171
1589
2492
9744
9618
2444
3660
4464
2214
5187
3896
7167
9753
9726
2830
6291
4214
4081
1723
5096
3538
5339
1181
7795
985
5764
2571
4200
7989
6255
1238
3358
61
1107
8373
5615
9631
9396
1173
6796
3368
2942
3493
6201
9030
7481
1190
5364
8000
246
8660
2194
2297
3005
861
7299
2527
2169
5
4899
6690
3218
1479
1955
7808
9462
7964
6600
4737
2901
6213
8457
3179
6063
6845
37
6571
8762
9238
977
7663
8694
1757
4423
230
8894
6083
1795
3722
5216
7325
9454
7173
9208
5634
7138
4030
3156
7089
706
4914
6061
713
2069
2282
2939
5065
7812
9152
6865
5323
2098
1531
2181
8196
8855
8010
7076
5844
6293
3405
7679
9199
7122
7931
592
9636
3789
7321
4535
6760
3585
2421
368
487
5845
9360
6228
5874
556
9575
9785
6736
1816
5412
4092
5463
8318
9869
4165
3265
5090
2296
6289
3594
4952
5979
8333
7774
9016
2663
5865
9095
3584
4518
5809
253
4228
4030
3842
6195
1257
8691
7309
285
6977
8394
4082
3866
7770
7957
1579
8688
9158
8316
1995
9975
7402
5450
9365
2421
8141
5062
65
7896
6324
1107
4108
9188
8686
6161
8986
5930
3445
5239
7955
5902
6472
6437
3009
8833
1558
3284
6593
4078
3343
8929
8050
4870
5976
4107
8642
4936
1167
3613
2892
4136
3762
8704
4101
3294
8668
4069
3814
1114
3738
5599
2588
8300
2672
4339
3551
8162
3707
888
7181
403
8627
8678
7263
9835
511
924
1360
7487
674
5243
7227
6618
332
6470
8915
3284
9165
8794
5797
864
3366
3814
6540
2697
715
5361
6145
3646
8200
1639
3822
4079
3501
410
7588
3364
1413
5410
3187
7517
4666
5139
6591
3646
4702
3226
7051
2913
3499
6691
2909
7210
4794
2522
5850
1073
5235
3325
7169
2996
4607
1590
5214
739
4790
4931
2596
9648
7046
8567
5211
555
1661
5342
9044
7049
2869
5211
3740
740
9479
9099
445
3248
7566
4796
5326
4544
5976
7910
1944
9515
2944
8495
4293
7251
2614
9104
2182
8704
5404
6101
941
3742
3602
7713
8195
4407
2904
359
6520
8016
9549
4288
4568
4698
8908
5186
1142
1175
3923
3547
3303
5238
1255
4653
1582
1361
296
1293
911
2191
5711
9982
6182
1552
4746
8186
9397
2676
5073
5865
4148
2880
7470
9974
317
757
3797
6837
643
2673
3566
2606
5663
7675
2242
2520
2611
914
2569
919
8657
1128
6335
4748
437
7322
243
8055
7091
4625
8341
4533
923
1724
6826
9421
4285
7798
300
520
905
1433
4192
3631
9130
860
5309
5097
2479
9439
6340
3529
5001
2172
5772
6359
5798
665
5713
2569
8839
1862
2358
251
881
6702
6784
5505
8753
4830
1979
3863
1837
2657
6666
9297
3425
3747
8480
5508
5920
1010
5254
8466
6476
6519
267
8673
8425
5692
8798
3338
7523
8427
2293
9246
3489
7655
5383
713
9524
4866
213
6524
481
2280
4494
7534
4755
3918
878
5777
2437
1907
2701
8326
5238
775
1480
8664
4094
3430
11
290
1959
4037
671
2804
5364
8852
3386
3747
2587
6760
3623
8105
7799
5289
5936
9934
9049
219
9154
630
3898
4664
3418
9369
4592
1921
885
6077
7492
6008
5500
5518
2726
3606
7567
144
7729
128
3534
2079
5488
3925
1296
9143
6781
9570
1380
2055
6248
1200
1264
5118
5049
5911
2981
9067
5707
2425
3434
9742
9100
304
1624
4137
4709
6255
3328
4996
9555
3558
8322
7530
9559
7082
3147
380
5074
8825
9084
9215
7191
4284
2020
6518
7935
9684
5766
2408
5922
8621
3672
42
6535
9041
8282
6397
8133
1435
101
2859
4912
8635
628
7435
4418
9142
6978
6248
1370
5808
8798
2501
4695
7531
4934
8734
8486
4013
4436
8315
6185
9330
8447
6940
8074
3720
1499
341
1762
2027
4265
7834
2756
7215
9366
2945
6882
4532
6892
9943
2102
272
1161
6665
3584
5738
2053
9445
7529
1738
5100
9874
9031
5047
4476
1914
3646
1552
8331
3189
5625
2971
162
8144
5385
14
213
3975
9485
7965
5891
1995
7648
9983
8528
2417
2916
6268
3897
9296
8791
3919
1374
2040
2882
5048
9289
4321
9738
6801
2490
4189
1076
8658
1581
2816
9063
5696
141
3828
7050
6944
7538
7707
8382
1954
272
9838
7580
9279
5033
3110
7999
979
791
1044
8098
7783
2602
2946
1565
2091
3500
2690
9833
5984
4368
1999
9854
4941
2844
8500
619
8160
9279
4237
8410
280
9325
4226
3092
9507
3327
9907
7380
9733
5706
4956
4752
7261
2934
6399
5703
5034
438
5249
6715
8553
7136
7972
1168
9912
3892
7374
5451
7367
1938
8908
9972
9142
4163
5261
1787
3297
1217
5186
6449
2594
1036
8728
4713
7775
1376
2385
3046
2035
5724
6226
1875
7593
820
3410
5354
8605
2660
8567
1995
201
477
4171
5817
7075
3039
3546
7324
7939
8516
358
6569
852
5919
6050
7088
3430
554
8605
1013
5225
8886
5274
565
5029
493
112
8061
1536
3515
4488
5331
6811
4133
1645
4177
8983
1494
3608
9326
4498
2160
9486
9904
6343
7752
5634
8716
7667
6338
2143
7439
6309
994
6851
2326
8406
6190
1913
7803
1256
1519
8073
2549
6743
9032
6418
3781
9087
4996
1575
1365
4117
1024
8284
9985
7731
134
574
254
2288
4969
4967
517
5155
3014
2929
9704
8066
3126
5837
6754
9934
5885
9478
3614
391
1529
2309
7714
4496
1408
2101
3131
7105
5361
8277
8772
1836
4742
2962
6935
7454
8806
2199
8936
870
4966
1648
8472
8603
3008
8215
8751
7588
8369
9190
2199
4075
2307
7569
6753
2786
9136
3658
600
7985
2632
9973
5449
1770
7473
1852
5670
8715
1961
4072
9801
1018
1972
9058
4823
2002
4490
811
5916
5429
1458
4406
956
3417
1167
5929
5664
5265
8072
7099
6135
5904
7171
4145
1426
9036
2963
322
5370
5322
7527
8448
2868
8399
9125
8647
2477
1920
532
4308
1438
9258
5899
3417
777
1497
7794
3467
138
6753
5275
645
50
5891
2545
352
2280
4397
5834
528
4198
421
9640
4976
8263
4715
6864
627
1193
7383
3587
1669
5938
5158
9740
725
1233
319
7150
8900
9807
1065
1859
4491
8499
5728
7089
4300
7957
1769
7993
1819
1157
9459
3805
4574
6907
1021
397
7187
9449
2299
8951
5797
553
2128
8773
2708
323
4394
6758
7565
6075
3943
1048
14
2611
6397
3843
4882
3328
7187
3849
3005
4352
4261
5490
5713
8091
2090
4557
5611
7109
775
1491
9116
1770
3283
6954
3946
3723
8386
6396
3748
320
6047
3403
6369
9970
3515
3398
2658
8096
4584
3496
4188
1866
8487
2240
5717
2734
1137
2719
1250
6215
1877
5688
3942
2517
8015
3631
7843
9365
8351
8257
2047
7167
8158
5700
1613
8742
3195
6492
8863
9418
6103
1711
9052
9731
6744
6136
1958
9985
9106
4979
822
1068
6158
6156
6543
6205
6213
6294
6400
7523
4420
10
8613
2762
1418
3756
1050
5143
9089
3573
3569
3325
5010
6724
8592
3383
9443
2325
7442
8687
1399
390
1045
319
852
9516
3439
8357
8982
9850
1390
1078
4851
5915
4571
4881
9359
3214
3175
6184
9773
3857
9067
805
4888
9600
4847
2873
2233
840
246
154
9
5174
8817
31
4166
1558
6888
9254
581
6337
1735
1483
2109
5601
1635
406
2084
3494
5333
3856
5069
9301
3800
4171
2113
1050
4626
7205
4238
559
9658
3191
2705
386
165
4168
446
1818
8041
8945
1295
4196
9984
6864
7895
3966
9516
5704
6819
758
9095
2530
4179
6668
8969
1211
7466
8306
3273
4611
7475
1011
5764
5298
1171
875
2538
1854
7295
2719
5369
3024
6090
2633
6457
4566
6800
9919
3568
1654
5889
3034
4033
6489
5566
4621
1985
5105
5221
7531
1849
2915
1920
5819
2019
8299
5181
7962
7644
9681
3419
635
9289
9310
6763
9359
4463
4789
8496
6545
2819
7305
269
5179
8756
2995
3350
7050
652
592
3649
5949
6444
6024
6609
8156
4396
1300
6880
223
939
2144
8899
8127
6103
7784
3012
8473
7784
9406
8582
6885
8020
9505
624
9339
2151
6320
3517
956
3433
909
8228
7581
9196
5083
9899
1419
6105
3322
5040
1726
3964
9242
1575
2827
7699
7905
6005
2676
5583
520
8719
1464
494
3925
3268
9564
3378
8301
3378
3158
8452
663
4730
1496
9635
461
9711
6885
5548
9602
6447
3076
3827
8001
7973
2019
2834
5702
5340
3332
3047
4861
2913
1205
5873
5661
3331
4815
2779
3138
2660
7326
3247
1566
3299
4573
9525
4841
5141
778
4182
4135
2406
1666
5068
7735
3400
3170
7199
1148
3200
5938
4974
8085
1999
4961
7959
5858
4228
1816
5645
4944
1502
8073
3824
5630
3506
4618
3951
1486
5494
5740
5283
5590
2426
4777
3980
6802
921
1668
5847
8857
8658
6019
6187
5142
2777
1478
1287
5758
7431
6984
2449
2512
9129
2658
1072
7529
8902
3296
4165
3251
7363
2021
7354
3498
7946
3822
2988
3744
7781
1538
6306
3978
8590
3109
5408
7321
715
837
3464
9783
9031
4017
2952
4338
8332
8056
1310
5090
7732
9889
7646
3748
4817
5676
7256
1765
6513
6641
6836
7685
1956
5948
8952
6647
2293
1011
9397
5948
5982
9828
9607
3611
6394
8355
5744
172
4897
6272
5836
9473
5261
8559
4796
6239
8440
8660
3675
5551
7706
855
7932
9627
7579
3138
6889
8427
7133
5730
4370
5086
4127
3559
4081
9455
9141
408
9565
3896
2884
1289
6967
997
5201
2737
6551
5817
6102
9546
4232
6272
4202
4055
4669
2646
4097
5501
7782
6327
3778
9723
7592
6868
1580
7510
7166
9138
2473
9587
3772
1209
7060
5256
582
5540
8892
3179
540
6845
4614
1347
8580
8666
278
461
4059
788
9796
9149
5720
2801
6308
8583
7304
1454
4962
844
4097
1483
1475
8840
3789
3632
308
2086
4638
4383
3523
4086
4082
5350
5978
7018
4308
6186
6131
2879
8774
427
7307
2556
5109
202
524
1863
6947
6668
784
2680
7754
9021
1353
750
1797
8759
1404
4687
3160
2928
406
3887
4177
1528
6828
7836
6454
7177
6409
1742
1394
1509
9814
5657
3350
448
4178
2727
6156
5471
6949
7975
4792
3925
1608
1720
4547
938
6992
939
2533
2301
8936
3691
5632
7233
9654
9659
5318
6445
5670
4868
6627
1634
482
4350
2130
8724
4016
3227
4940
7967
3078
7699
1232
5428
3579
5802
3181
5670
9913
1870
630
7999
1066
3302
7567
5416
8773
2908
6457
3879
592
9932
2732
7813
1803
4762
9573
9002
330
5621
5925
8942
9809
5878
6921
7723
9061
2958
2406
4842
9642
6792
4273
7326
4223
5758
2528
9271
6472
752
6785
5314
7685
5209
8727
4822
166
4130
870
9978
5710
8691
2079
9997
4242
3279
3246
2115
2276
7297
9683
4975
8847
1118
5531
5500
9945
8065
6353
3986
834
9779
2009
6570
2404
4798
2257
485
2357
6807
1404
3704
6880
8322
7589
5665
1639
7559
5363
5946
4018
1891
5527
9297
2699
7820
8193
3450
157
850
7686
2115
222
6679
4425
2545
9276
3052
2157
5480
5620
5333
9258
5678
779
667
6952
1244
5379
6120
4524
3829
5706
2757
457
9963
4135
7172
7456
4123
5873
9264
3156
3205
203
1974
9456
9769
7360
3920
6612
1702
3478
1133
9021
1185
7284
9172
3383
6630
7346
5413
4008
8845
4800
2651
3254
1784
3873
9915
189
5324
2751
6347
6467
8405
9383
74
1925
1632
5538
2062
1045
9490
2251
3354
7201
5083
8668
1997
8112
3205
9416
2346
1995
687
364
1536
3174
9022
2687
2803
4936
4744
3856
4374
2940
8232
9607
9690
4719
3621
4334
647
2564
7554
3158
4843
7180
1420
1753
9108
5533
3741
9582
4073
7133
7988
7251
7081
3131
9743
6459
1475
8970
3250
1725
5722
2915
7926
2970
1809
995
5833
8593
960
4455
3026
637
6186
1096
5580
8819
2898
9101
9008
9709
6939
5248
9750
6428
5215
3131
4111
4756
4669
8132
9280
7643
6208
8039
6138
4089
6433
9452
9287
3741
2678
5765
4131
9790
829
2855
5445
1277
7386
6417
6331
4673
2495
4143
17
3946
9650
9472
6904
1622
6017
6385
1372
9423
6491
8508
4141
1358
1770
328
298
7375
9128
6564
9621
6877
913
5359
3825
8545
7446
3182
6592
1807
5475
9327
7542
6019
2678
8833
9197
9800
3986
525
7903
5778
9558
3350
37
6187
826
4417
8788
8991
2160
2499
42
6458
6084
9690
3971
1707
6965
1756
2508
5158
3246
5947
8305
3965
7858
8186
9347
9329
6580
1060
9577
8814
7995
1578
9542
2052
4578
4227
966
8973
6610
496
4724
5006
6657
9700
3331
7266
1266
6529
7527
6666
4729
3214
5863
29
1086
5882
6502
3291
7197
5087
3839
7664
7874
7008
2511
9341
2257
5568
5995
2256
4134
5437
3333
8785
1462
731
7023
334
2985
9595
3914
6818
1274
8369
7633
2371
6373
1193
7341
4579
9888
5665
9470
4129
3809
5920
5413
1747
2990
3885
6758
6326
2637
4608
141
89
6040
6321
3407
935
3054
6221
3277
7186
7807
9436
1614
9307
8858
5644
5333
9678
3219
2950
6521
3104
9302
2278
2639
6362
4238
7265
5559
5908
2475
4537
125
3227
6618
7651
7594
6207
610
149
8801
4172
7035
1525
433
4754
42
1211
142
1903
8220
7273
9808
2453
3094
7403
8973
7297
6058
9225
6969
8802
1676
3207
4075
9870
3674
9351
1711
7217
5431
988
7529
3736
410
7888
9403
3908
566
4162
7255
7916
6120
277
8488
9559
3895
7196
1433
5873
8912
6638
9862
9479
5314
753
5860
5930
7774
3874
224
8378
3839
6757
8199
2010
6673
8579
6752
2311
2481
1675
9045
3626
1556
683
129
8828
4198
2985
4510
3559
2798
9202
6480
3543
1842
138
3430
5510
2402
8940
6901
5125
7200
4986
513
7417
287
4379
4740
775
9766
1713
5454
3057
7404
8689
2881
8652
5245
6868
731
2031
3081
2384
2542
1176
9953
3772
2688
5374
1072
9875
3525
8909
8630
7086
2274
7540
7096
5220
7765
7776
3957
18
7909
2460
3722
2825
895
1742
9851
7420
6415
1615
7255
6565
1110
6221
2626
6681
8298
4289
6053
2574
5036
2600
380
4221
2536
137
4417
3621
5564
353
1603
3934
5759
5769
4851
4728
2675
1761
2078
1385
1119
1641
263
9399
9551
5904
5182
7293
5976
2896
6835
5427
304
1096
9708
6826
2542
1725
2143
7982
5433
8621
3312
2262
2070
7319
1929
8101
1928
7403
2153
7392
682
2204
1411
7654
5295
8833
7098
4073
9029
2663
5346
2470
1379
9311
601
6375
1638
7146
2292
7230
340
6728
8881
2523
9206
985
1486
1883
4458
8220
7639
3868
9967
4135
9565
5372
2441
647
4504
4608
38
8882
5367
7302
4937
2902
7198
6917
4375
6813
7229
9487
3626
5820
7039
2202
9326
5116
3194
8674
1748
7563
819
4345
389
8228
9244
4345
5044
8884
8804
1684
2252
3056
9469
8695
6137
8764
7890
8988
2242
7762
7614
8059
3586
8402
5780
7157
1430
3593
5193
286
3865
8999
9066
7149
5568
679
4287
4145
70
2731
7672
7360
726
476
5842
317
8976
7389
5907
763
742
2555
3528
2066
4645
733
2176
4557
9226
5634
1767
2408
9662
5933
4556
4172
3874
1397
8699
4044
6095
7758
7365
6045
9407
6888
2728
6032
514
2046
4325
4171
1495
8131
2607
4823
2367
5418
7491
9675
8893
6900
2651
7059
7532
8462
7961
4803
1950
4834
101
102
2745
965
7140
2521
3340
6450
2933
4759
7439
6183
8722
4157
3741
7932
3534
2904
5376
7907
7444
6157
4848
1355
8592
2605
3396
7735
4278
5251
5231
3191
3636
7497
3555
7484
2199
8614
6586
1871
8072
4274
3847
8420
2936
4679
8076
5336
431
9445
9179
1727
672
3273
4028
907
3667
4981
1017
8169
761
5610
4162
7527
1385
1984
8759
8564
5738
2968
8352
6916
2707
6193
63
6129
3882
6384
5684
5762
350
4954
8448
7487
5414
459
6878
4759
8956
9515
2575
9284
9224
2310
1508
8518
457
5917
5321
6989
863
7127
1643
5175
7602
7035
9694
4742
7408
8184
2638
7780
3092
6407
4372
5393
4791
5054
8541
6895
652
7033
3150
1469
1120
2763
6778
4737
5937
6613
1966
2797
7328
6999
1934
7760
7847
3016
950
9989
247
9148
6705
1912
9630
112
6930
7503
3036
3786
3073
7486
9412
209
8451
8716
4677
1632
8256
3038
3994
2058
336
4070
3178
6439
3521
5344
3356
7280
1241
6001
8176
8558
4967
2565
9884
3808
5437
8706
1278
3965
8754
8324
3085
6011
7620
7290
9059
289
3432
1979
9625
3920
2784
1302
5220
6829
4931
1620
2897
71
6759
1981
6819
1605
4526
1824
1024
7464
957
6084
2587
8060
5990
6657
7851
7930
7386
4634
2720
5398
3548
3323
8950
1965
7404
7673
6681
8748
8588
2952
496
6077
1466
1025
5699
4427
4884
5290
3721
5231
732
209
7787
5786
4944
7824
3685
4887
7312
7543
2720
4940
3375
3255
6111
9071
1133
8682
4536
6928
6916
5749
9299
3058
3327
5610
4706
4675
7129
1588
5348
5355
1780
9229
2343
7882
4606
5368
309
907
9024
4059
4580
1732
6811
9493
3515
8611
6042
6115
879
2990
2013
4339
8246
3447
3565
609
5929
849
6668
9700
7509
4147
2546
9079
7672
9785
4779
2460
4773
5730
4663
866
9880
3179
6938
6426
5860
4567
6385
2745
3712
5548
660
8901
4909
4308
9221
8760
8033
7168
4319
423
8501
7372
2795
9217
6816
6175
493
837
3654
7961
105
1453
4517
5646
9132
8306
8286
7799
2178
6199
3611
4545
9562
9699
86
8686
2924
7442
5841
2035
9446
8274
9265
1497
7383
5456
4613
6456
3579
2668
9775
3402
7421
8902
1177
3135
6796
3212
1475
8360
4028
1105
9273
6255
8569
7634
6060
7899
5414
5527
7710
7907
7847
5291
1444
8640
597
8345
1121
7427
8914
448
4037
2794
9038
2527
9517
6931
9958
6805
498
1980
9760
1357
1736
1575
1894
2430
2966
1741
9103
4526
3836
5830
9303
8641
4669
6884
9817
3005
3011
1920
1380
5659
419
3220
904
661
3975
5671
485
9788
7142
7989
6910
1301
2560
4139
3460
1534
5373
5778
1469
272
1976
8130
134
6082
9522
1319
5516
2270
1106
3537
8087
856
936
36
4453
4652
9644
2722
7208
409
8323
6064
3115
6856
7240
3652
7266
6777
7489
9343
3942
6732
5803
4115
7834
3326
9291
8204
8651
7501
5985
1185
8107
461
5043
2721
7643
8687
7781
5853
8444
6212
3247
2911
1813
6208
1443
6810
2182
5026
3954
6357
6103
7235
5395
7742
6287
9874
3213
6714
7513
2229
5494
3537
9974
5216
9145
3590
9648
8192
6352
6708
2913
4055
9189
6577
7490
1358
7201
8242
9497
1816
4536
8579
9289
926
563
3721
7179
4017
6860
2644
4266
1918
2382
2331
7842
2996
810
1203
2041
7419
2501
2059
3468
6758
5222
3715
8125
721
8842
7313
4418
6349
5737
9284
7376
7006
120
4401
456
272
2879
7527
8568
6235
2639
2779
4472
3665
6225
4311
5485
4217
1968
3326
6691
1875
6484
6308
2805
1834
430
4376
2284
6461
882
5251
7846
1207
291
7007
5060
4346
5736
8585
2667
1463
6401
3219
478
1228
3934
6061
4741
7084
9875
7200
1819
3305
8707
1021
6959
3679
3131
4107
3097
633
684
4610
5167
7725
9268
2221
8166
9903
1553
8542
7399
4167
2107
140
5131
6932
2540
7271
3561
8962
7687
3656
1531
1777
4016
907
6158
503
2256
2192
3052
6216
7983
8254
1143
8812
9327
8846
7102
8007
9782
11
1085
6130
1669
3971
4529
5364
8592
1376
3504
2372
6233
7140
5548
6013
9416
6842
410
8832
5966
4203
742
